End 81.66665649414062 -58.333343505859375 2.5500585833215155
End 58.66667175292969 -51.66667175292969 1.6333790416247211
End 34.66667175292969 -32.333343505859375 0.6512641666340642
End 33.33332824707031 -32.33332824707031 0.3513875416247174
End 35.33332824707031 -30.666656494140625 0.2331348750158213
End 49.666656494140625 -46.0 0.11790008330717683
End 73.33332824707031 -77.0 0.19958383333869278
End 57.33332824707031 -64.66665649414062 0.21666137501597404
End 24.333328247070312 -27.0 0.18173441669205204
Cancel 38.0 -27.0 0.2998464583652094
End 36.33332824707031 -16.0 0.33205879165325314
Cancel 36.66667175292969 -23.0 0.34981845831498504
Cancel 38.0 -28.333328247070312 0.31677287502679974
Cancel 39.33332824707031 -23.666656494140625 0.28328008332755417
Cancel 47.333343505859375 -28.0 0.18353441666113213
Cancel 40.66667175292969 -26.333328247070312 0.2505745416856371
Cancel 30.333343505859375 -22.0 0.4333208749885671
End 66.33334350585938 -51.33332824707031 1.2004857499850914
End 73.66667175292969 -50.66667175292969 1.2504767916398123
Cancel 29.666671752929688 -20.333328247070312 0.45116658334154636
Cancel 30.0 -17.333328247070312 0.4345839166780934
Cancel 31.0 -20.333328247070312 0.41638637497089803
End 47.66667175292969 -32.33332824707031 1.282463249983266
End 70.66667175292969 -45.666656494140625 1.5173995416844264
Cancel 30.333328247070312 -23.0 0.43429020838811994
Cancel 29.0 -20.333328247070312 0.46670049999374896
Cancel 32.0 -26.666656494140625 0.43309991667047143
End 106.33332824707031 -87.0 0.8323786666733213
Cancel 36.33332824707031 -32.0 0.36636154167354107
Cancel 40.33332824707031 -31.0 0.2668158333399333
Cancel 37.33332824707031 -20.0 0.31679454166442156
Cancel 45.33332824707031 -26.0 0.28315108333481476
End 55.0 -36.66667175292969 0.7826524999691173
Cancel 34.66667175292969 -22.666671752929688 0.3664611667045392
Cancel 35.0 -19.333328247070312 0.3334226249717176
Cancel 36.33332824707031 -24.666656494140625 0.30006275000050664
Cancel 40.66667175292969 -25.333343505859375 0.2500480833114125
Cancel 39.666656494140625 -27.0 0.283359749999363
Cancel 41.0 -28.0 0.2834727499866858
Cancel 39.66667175292969 -21.333328247070312 0.2500190833234228
Cancel 45.333343505859375 -28.333328247070312 0.2501978333457373
Cancel 46.666656494140625 -18.666671752929688 0.2162385833216831
Cancel 36.66667175292969 -12.0 0.31788750004488975
Cancel 39.66667175292969 -20.333328247070312 0.26648762496188283
Cancel 28.666656494140625 -18.666671752929688 0.4664327499922365
Cancel 37.66667175292969 -23.333328247070312 0.2832087916904129
Cancel 38.0 -23.333328247070312 0.3002879583509639
Cancel 37.0 -23.0 0.30039200000464916
Cancel 38.333343505859375 -20.0 0.28304291667882353
End 41.666656494140625 -29.0 0.2664702916517854
End 34.333343505859375 -15.666671752929688 0.29892949998611584
Cancel 41.66667175292969 -23.333343505859375 0.283324874995742
Cancel 42.33332824707031 -26.333328247070312 0.2335653750342317
Cancel 48.33332824707031 -29.0 0.21693691663676873
Cancel 43.33332824707031 -25.666656494140625 0.18339016666868702
Cancel 48.33332824707031 -29.666671752929688 0.18346791667863727
Cancel 41.666656494140625 -25.333328247070312 0.18342016666429117
Cancel 46.0 -27.333343505859375 0.15007712499937043
Cancel 45.33332824707031 -24.0 0.11663041665451601
