Cancel 30.0 0.3333282470703125 0.4846601666722563
Cancel 38.66667175292969 -10.0 0.2833240833351738
Cancel 50.66667175292969 -12.333343505859375 0.16669833333435236
Cancel 46.666656494140625 -13.0 0.15154362499743002
Cancel 47.33332824707031 4.0 0.15034179166832473
Cancel 43.33332824707031 -26.666671752929688 0.18353949999436736
Cancel 51.33332824707031 -30.0 0.1869608333290671
Cancel 53.33332824707031 -37.0 0.13359637500252575
Cancel 51.66667175292969 -43.666656494140625 0.1000795833315351
Cancel 45.33332824707031 -40.33332824707031 0.09998504167015199
Cancel 55.0 -42.33332824707031 0.13311545833857963
Cancel 45.666656494140625 -40.33332824707031 0.1663077500052168
End 41.33332824707031 -62.0 0.18577795833698474
End 63.33332824707031 -70.33334350585938 0.1988234583332087
End 71.66667175292969 -64.0 0.18185829166031908
End 71.66667175292969 -63.66667175292969 0.1656790416673175
End 64.0 -64.33332824707031 0.19890324999869335
End 53.666656494140625 -68.66667175292969 0.19862537500011967
End 69.0 -73.0 0.24881354166427627
End 67.66667175292969 -78.0 0.19859229167195735
End 74.0 -76.33332824707031 0.21548433333373396
End 70.66667175292969 -65.33332824707031 0.18221583333070157
End 67.33332824707031 -65.33334350585938 0.21505537500343053
End 58.0 -63.0 0.16550887500488898
End 60.66667175292969 -65.0 0.14901170833036304
Cancel 49.333343505859375 -38.0 0.11665670833463082
Cancel 54.33332824707031 -36.33332824707031 0.13329750000411877
Cancel 50.33332824707031 -41.33332824707031 0.1336577916663373
Cancel 46.0 -29.666671752929688 0.11666358333604876
Cancel 49.0 -41.333343505859375 0.1333749583354802
Cancel 46.66667175292969 -37.66667175292969 0.11671545833814889
End 66.33332824707031 -58.0 0.20008204166515497
Cancel 47.666656494140625 -35.333343505859375 0.11668608333275188
Cancel 45.33332824707031 -38.66667175292969 0.11688383333239472
Cancel 50.0 -40.33332824707031 0.11630091666302178
Cancel 55.66667175292969 -33.66667175292969 0.11687837500358
Cancel 55.0 -44.0 0.10006954166601645
Cancel 54.0 -43.0 0.09998595833167201
Cancel 51.33332824707031 -38.66667175292969 0.08348649999970803
Cancel 50.0 -42.0 0.1000981250035693
End 67.0 -62.66667175292969 0.18219549999776063
End 78.33332824707031 -71.0 0.1331223333327216
End 60.333343505859375 -61.66667175292969 0.16578183333331253
End 67.33334350585938 -74.0 0.14897045833640732
End 60.0 -59.66667175292969 0.16550016666587908
End 53.33332824707031 -84.33334350585938 0.14874562500335742
End 63.33332824707031 -88.66667175292969 0.14889145833876682
End 68.66665649414062 -71.33332824707031 0.14849770833097864
End 62.0 -62.333343505859375 0.11681549999775598
Cancel 55.0 -42.0 0.1001176249992568
End 61.333343505859375 -65.0 0.11668183333677007
End 67.0 -60.66667175292969 0.13281912499951432
Cancel 51.666656494140625 -36.33332824707031 0.11679349999758415
Cancel 46.33332824707031 -38.66667175292969 0.11665458333300194
Cancel 45.66667175292969 -38.666656494140625 0.11680691666697385
End 54.0 -38.0 0.15015670833236072
End 60.66667175292969 -60.666656494140625 0.14985575000173412
End 52.666656494140625 -54.0 0.1499092500016559
End 57.33332824707031 -69.33334350585938 0.13317625000490807
End 60.33332824707031 -71.33332824707031 0.18197925000276882
End 66.33332824707031 -63.0 0.16556566666986328
Cancel 46.0 -40.0 0.11666199999308446
Cancel 46.0 -43.0 0.11705979166436009
Cancel 48.33332824707031 -40.0 0.0999155833342229
Cancel 49.0 -39.666656494140625 0.09993500000564381
Cancel 48.0 -44.0 0.11655041666381294
Cancel 52.66667175292969 -45.0 0.10002341666404391
Cancel 54.0 -40.33332824707031 0.0996948333340697
Cancel 48.0 -42.0 0.08335012500174344
End 76.33332824707031 -65.66667175292969 0.14872129166906234
End 61.33332824707031 -58.66667175292969 0.1485148333304096
End 75.0 -67.33332824707031 0.14913641666498734
End 67.66665649414062 -58.66667175292969 0.1499246250023134
End 64.0 -53.66667175292969 0.1320547916693613
End 71.66665649414062 -54.33332824707031 0.15017941666883416
Cancel 57.0 -40.0 0.11645391666388605
Cancel 46.33332824707031 -28.666656494140625 0.10005266666121315
Cancel 48.66667175292969 -36.333343505859375 0.1165785000048345
Cancel 51.66667175292969 -41.33332824707031 0.11678162500174949
Cancel 48.666656494140625 -37.0 0.10005883333360543
Cancel 56.66667175292969 -40.0 0.10025916666927515
End 78.66665649414062 -57.666656494140625 0.14860062499792548
End 79.33332824707031 -59.0 0.13338166666653706
Cancel 54.333343505859375 -29.666671752929688 0.10015870833740337
End 87.0 -63.66667175292969 0.14885399999911897
End 55.66667175292969 -54.66667175292969 0.14880008333420847
End 79.66667175292969 -66.66667175292969 0.15006216666370165
Cancel 53.66667175292969 -35.0 0.10002466666628607
End 62.66667175292969 -54.66667175292969 0.13182425000559306
Cancel 51.0 -31.333328247070312 0.11669941667059902
Cancel 57.66667175292969 -45.0 0.10005458333034767
End 70.0 -63.666656494140625 0.13339695832837606
End 80.33334350585938 -75.0 0.1663983750040643
End 65.66667175292969 -68.0 0.14882516666693846
End 71.66667175292969 -58.0 0.14854479166388046
End 73.66667175292969 -67.33334350585938 0.1496774999977788
End 75.33332824707031 -60.0 0.1167717916687252
Cancel 50.666656494140625 -35.33332824707031 0.1164873333327705
End 85.0 -68.66667175292969 0.1490591666661203
End 78.33332824707031 -71.66667175292969 0.16541812499781372
End 66.66667175292969 -71.66665649414062 0.13205400000151712
End 60.0 -84.0 0.1665742500044871
End 76.0 -95.66665649414062 0.165547416661866
End 70.33332824707031 -71.66667175292969 0.14978787500149338
End 69.66667175292969 -65.33334350585938 0.14881554166640854
End 69.33334350585938 -62.0 0.16538816667161882
End 75.33332824707031 -75.0 0.14912733333767392
End 66.66667175292969 -55.666656494140625 0.14869699999690056
End 73.33332824707031 -68.0 0.13340991667064372
Cancel 58.666656494140625 -43.66667175292969 0.1004254583385773
Cancel 46.0 -28.666671752929688 0.10012087500217604
Cancel 46.333343505859375 -19.0 0.1000437916663941
Cancel 47.666656494140625 -32.33332824707031 0.08329658333241241
Cancel 47.666656494140625 -24.333328247070312 0.10001533333706902
Cancel 50.0 -31.0 0.11650345833186293
Cancel 52.33332824707031 -33.333343505859375 0.1000900416620425
Cancel 46.666656494140625 -29.333328247070312 0.08323200000450015
Cancel 59.0 -37.66667175292969 0.09984075000102166
Cancel 54.0 -25.0 0.08341283332993044
Cancel 61.333343505859375 -37.666656494140625 0.10027412499766797
Cancel 60.333343505859375 -24.333328247070312 0.10000491666141897
Cancel 46.66667175292969 -28.333343505859375 0.08303066666121595
Cancel 46.666656494140625 -29.333328247070312 0.08344979166577104
Cancel 62.0 -39.333343505859375 0.10003366666933289
Cancel 57.0 -27.333328247070312 0.08332024999981513
Cancel 70.0 -32.333343505859375 0.08335712499683723
Cancel 54.66667175292969 -22.666671752929688 0.10007224999571918
Cancel 56.666656494140625 -41.0 0.08358854165999219
Cancel 47.0 -28.333343505859375 0.0830066250055097
Cancel 52.333343505859375 -31.333328247070312 0.09867741666676011
End 72.0 -61.33332824707031 0.16527691666851752
End 73.66667175292969 -65.0 0.14981999999872642
Cancel 51.33332824707031 -31.666671752929688 0.08336937499552732
Cancel 46.666656494140625 -33.333343505859375 0.10002249999524793
End 76.33332824707031 -80.0 0.1496770416633808
End 67.66665649414062 -63.66667175292969 0.16545891667192336
End 71.0 -54.666656494140625 0.16410329166683368
Cancel 55.33332824707031 -33.66667175292969 0.06324679166573333
Cancel 56.66667175292969 0.3333282470703125 0.08360229167010402
Cancel 63.66667175292969 -37.333343505859375 0.08344020833465038
Cancel 60.333343505859375 -30.666671752929688 0.10004858332831645
Cancel 52.333343505859375 -24.333343505859375 0.09987862499838229
Cancel 55.0 -42.33332824707031 0.0997510000015609
Cancel 59.0 -44.0 0.09988233333569951
End 59.0 -69.0 0.1319565000012517
End 57.0 -73.66667175292969 0.133232833337388
End 53.0 -61.33332824707031 0.1150945833287551
End 53.666656494140625 -53.0 0.1154679583341931
End 51.333343505859375 -59.0 0.11538808332988992
End 56.666656494140625 -55.0 0.11547408333717613
Cancel 49.0 -44.0 0.10003904166660504
End 73.66667175292969 -59.0 0.132480583335564
Cancel 51.0 -43.66667175292969 0.0833908333297586
Cancel 54.33332824707031 -43.0 0.10007529166614404
End 66.0 -53.0 0.14880666666431352
Cancel 54.0 -36.0 0.09986587499588495
Cancel 54.0 -36.0 0.1000497083296068
Cancel 53.0 -15.333328247070312 0.10004554166516755
Cancel 56.666656494140625 -24.666671752929688 0.0833983333359356
Cancel 56.33332824707031 -33.0 0.0834854583372362
Cancel 55.33332824707031 -34.666656494140625 0.08364437500131316
End 77.66667175292969 -65.33332824707031 0.09997091666446067
Cancel 54.33332824707031 -41.333343505859375 0.08332741666527
Cancel 55.33332824707031 -40.666656494140625 0.08356679166899994
Cancel 50.0 -35.0 0.10019512500002747
Cancel 48.66667175292969 -27.333328247070312 0.06673733333445853
End 70.66665649414062 -58.66667175292969 0.13356449999992037
Cancel 49.33332824707031 -39.666656494140625 0.08313429167174036
Cancel 51.0 -41.0 0.08320033333438914
Cancel 46.0 -43.0 0.09987762499804376
Cancel 50.66667175292969 -32.0 0.10010325000621378
Cancel 49.333343505859375 -38.666656494140625 0.11641733333090087
End 77.0 -70.66665649414062 0.13209716666460736
End 63.33332824707031 -58.33332824707031 0.1321363333336194
End 61.33332824707031 -65.66667175292969 0.1500599583305302
End 58.0 -71.33334350585938 0.13189841667190194
End 68.66667175292969 -60.0 0.13209774999995716
Cancel 50.0 -32.666656494140625 0.10003233333554817
Cancel 59.0 -37.66667175292969 0.11680462500225985
Cancel 56.0 -37.0 0.09995354167040205
Cancel 47.0 -19.666656494140625 0.10024420833360637
Cancel 62.0 -21.0 0.09990045832819305
Cancel 46.66667175292969 -30.666671752929688 0.08346800000435906
Cancel 55.66667175292969 -40.33332824707031 0.0835141666684649
End 52.66667175292969 -50.66667175292969 0.09893000000010943
End 44.0 -53.0 0.09878775000106543
End 71.33334350585938 -77.0 0.13208750000194414
End 72.33334350585938 -59.66667175292969 0.11501983333437238
End 75.33332824707031 -58.0 0.11679487500077812
Cancel 56.0 -43.66667175292969 0.10001608333550394
Cancel 59.33332824707031 -34.66667175292969 0.10004187500453554
Cancel 48.333343505859375 -27.0 0.08344208333437564
Cancel 54.33332824707031 -29.333328247070312 0.10007220833358588
Cancel 48.0 -22.666671752929688 0.0835517500017886
Cancel 50.333343505859375 -19.0 0.08347474999754922
End 78.0 -56.33332824707031 0.13312950000545243
End 66.0 -54.666656494140625 0.13237245833443012
Cancel 50.333343505859375 -37.0 0.10003899999719579
End 62.66667175292969 -56.333343505859375 0.1154551250001532
End 57.666656494140625 -62.666656494140625 0.09853866666526301
End 65.33334350585938 -59.0 0.1170230833304231
End 84.33332824707031 -70.66665649414062 0.13202712500060443
End 67.66665649414062 -71.33334350585938 0.13217487500514835
End 49.0 -53.33332824707031 0.09881387499626726
End 57.66667175292969 -49.0 0.09524141666770447
End 74.0 -66.33334350585938 0.13194349999685073
Cancel 49.33332824707031 -39.666656494140625 0.08333999999740627
Cancel 55.333343505859375 -37.66667175292969 0.06655120833602268
Cancel 52.0 -34.66667175292969 0.06664458333398215
End 77.66667175292969 -61.33332824707031 0.11574108333297772
End 71.66667175292969 -70.0 0.13197120833501685
End 62.333343505859375 -59.33332824707031 0.10004758332797792
End 61.66667175292969 -65.33332824707031 0.11682604166708188
End 74.33334350585938 -63.666656494140625 0.09970925000379793
End 48.33332824707031 -49.666656494140625 0.09899033333203988
End 73.33332824707031 -65.33332824707031 0.1166735000006156
End 57.66667175292969 -52.666656494140625 0.09876158332917839
Cancel 56.33332824707031 -41.33332824707031 0.10002916667144746
Cancel 52.666656494140625 -33.0 0.06643341666494962
End 56.0 -57.0 0.11570520833629416
End 56.0 -49.33332824707031 0.09884220833191648
End 67.33332824707031 -66.33332824707031 0.10008933333301684
End 62.33332824707031 -66.66667175292969 0.1154071249984554
End 68.33332824707031 -69.66665649414062 0.11676966666709632
Cancel 47.0 -45.0 0.10013025000080233
End 49.66667175292969 -48.666656494140625 0.11541824999585515
Cancel 53.66667175292969 -43.0 0.08348991666571237
Cancel 53.33332824707031 -40.33332824707031 0.08344724999915343
End 57.333343505859375 -55.66667175292969 0.11700895833200775
End 60.0 -58.33332824707031 0.1154023750059423
End 73.33334350585938 -68.33332824707031 0.14881604167021578
Cancel 53.33332824707031 -43.0 0.08346645833807997
Cancel 52.333343505859375 -33.666656494140625 0.08308691666752566
Cancel 50.666656494140625 -27.0 0.08349550000275485
Cancel 51.0 -34.0 0.08202687500306638
Cancel 50.0 -26.666671752929688 0.06688241666415706
Cancel 47.333343505859375 -26.666671752929688 0.06662404166854685
Cancel 63.66667175292969 -29.666671752929688 0.06654474999959348
Cancel 59.0 -31.333328247070312 0.0836260833311826
Cancel 51.0 -34.0 0.06669400000100723
End 73.0 -65.0 0.11542191667103907
End 64.33334350585938 -63.0 0.11673304166470189
End 58.333343505859375 -52.66667175292969 0.09965420833032113
Cancel 49.0 -45.66667175292969 0.0631779999966966
End 69.66667175292969 -55.0 0.11547225000686012
End 58.33332824707031 -62.0 0.11553637500037439
End 56.33332824707031 -79.66667175292969 0.10004045833193231
End 63.0 -57.0 0.11521866666589631
End 74.66665649414062 -60.33332824707031 0.11564224999892758
Cancel 55.0 -42.33332824707031 0.06659341666090768
End 59.666656494140625 -57.333343505859375 0.1321972083314904
End 58.66667175292969 -57.0 0.11568237499886891
Cancel 54.33332824707031 -41.0 0.09976358333369717
End 80.66665649414062 -64.0 0.11567324999487028
Cancel 53.0 -39.33332824707031 0.0666755833372008
Cancel 56.66667175292969 -44.0 0.08345037499384489
Cancel 53.0 -30.333328247070312 0.07975241667008959
Cancel 51.33332824707031 -27.0 0.08349374999670545
Cancel 52.33332824707031 -35.33332824707031 0.10004691666836152
Cancel 52.0 -37.333343505859375 0.08321554166468559
Cancel 50.66667175292969 -38.0 0.10010216666705674
Cancel 48.0 -37.666656494140625 0.08321595833695028
Cancel 47.0 -36.0 0.08340216666692868
Cancel 50.33332824707031 -25.666656494140625 0.08296037500258535
Cancel 52.33332824707031 -34.0 0.0833566666697152
Cancel 62.666656494140625 -27.0 0.10015495833067689
Cancel 52.66667175292969 -24.0 0.09986258333083242
Cancel 53.666656494140625 -30.666656494140625 0.09995516666822368
Cancel 52.66667175292969 -22.666671752929688 0.08320979167183395
Cancel 54.333343505859375 -26.333328247070312 0.10003799999685725
Cancel 51.666656494140625 -22.0 0.10000133333232952
Cancel 46.666656494140625 -28.333328247070312 0.10002362500381423
Cancel 52.66667175292969 -41.666656494140625 0.0999916666696663
Cancel 57.666656494140625 -37.0 0.1002427916682791
Cancel 55.33332824707031 -30.666671752929688 0.11679662499955157
Cancel 56.33332824707031 -32.0 0.11679624999669613
Cancel 53.66667175292969 -22.666671752929688 0.10026187500625383
Cancel 56.0 -33.33332824707031 0.11677962500107242
Cancel 58.333343505859375 -23.666656494140625 0.0997078333311947
Cancel 52.33332824707031 -19.666671752929688 0.11676729166356381
Cancel 56.33332824707031 -29.666671752929688 0.11673712499759858
Cancel 53.0 -28.333328247070312 0.11664745833695633
Cancel 55.0 -30.333343505859375 0.11669024999719113
Cancel 51.0 -32.33332824707031 0.10003700000379467
Cancel 51.33332824707031 -35.33332824707031 0.10016616666689515
Cancel 58.0 -38.33332824707031 0.11689170833415119
Cancel 53.0 -34.33332824707031 0.11646791666862555
Cancel 47.33332824707031 -43.666656494140625 0.09996354166651145
End 57.33332824707031 -49.66667175292969 0.1653887083302834
End 75.0 -59.66667175292969 0.18241279166250024
Cancel 48.0 -41.33332824707031 0.11665320832980797
End 69.66667175292969 -63.33332824707031 0.16552570833300706
End 65.66667175292969 -59.66667175292969 0.13364362499851268
Cancel 56.0 -42.666656494140625 0.11664279166870983
Cancel 52.33332824707031 -39.0 0.1163063333297032
Cancel 49.333343505859375 -23.333328247070312 0.09651391666557174
Cancel 52.66667175292969 -33.0 0.11681954166851938
Cancel 55.333343505859375 -30.666656494140625 0.09966216667089611
Cancel 47.33332824707031 -31.0 0.10005370833096094
Cancel 46.33332824707031 -36.0 0.10007345833582804
Cancel 55.0 -39.33332824707031 0.11681483333813958
Cancel 54.0 -29.0 0.13338695833226666
Cancel 50.66667175292969 -31.666656494140625 0.1166061666663154
Cancel 47.33332824707031 -20.0 0.10001895833556773
Cancel 45.66667175292969 -35.33332824707031 0.10006029166834196
Cancel 46.0 -40.66667175292969 0.09972083332831971
Cancel 48.0 -42.66667175292969 0.11664899999595946
End 78.66667175292969 -75.33332824707031 0.1985700416698819
End 78.66667175292969 -69.0 0.19906154166528722
End 76.66667175292969 -66.33332824707031 0.19875770833459683
Cancel 50.0 -43.33332824707031 0.10007158332882682
Cancel 53.66667175292969 -38.66667175292969 0.1335842083353782
Cancel 48.0 -40.0 0.11644541667192243
Cancel 49.66667175292969 -33.0 0.11675179166923044
Cancel 47.333343505859375 -34.33332824707031 0.10038116666692076
Cancel 46.666656494140625 -31.666671752929688 0.11678433333145222
Cancel 56.0 -35.66667175292969 0.11678895833756542
Cancel 45.33332824707031 -36.33332824707031 0.11697620833001565
Cancel 45.33332824707031 -38.0 0.1166429583390709
End 63.33332824707031 -68.0 0.18354991666274145
End 66.66667175292969 -67.33332824707031 0.16706095833069412
Cancel 46.333343505859375 -42.66667175292969 0.11679804166487884
Cancel 48.33332824707031 -39.0 0.13324058333819266
End 75.0 -53.33332824707031 0.18310987499717157
Cancel 49.0 -41.33332824707031 0.1166735416627489
End 34.333343505859375 -17.0 0.11515170833445154
Cancel 57.0 -39.333343505859375 0.10025391666567884
