End 31.0 -11.0 0.0957769583328627
End 34.333343505859375 -8.666671752929688 0.15129366662586108
End 44.66667175292969 -17.0 0.16565379168605432
Cancel 49.0 -17.0 0.16651050001382828
Cancel 42.333343505859375 -9.0 0.18321887496858835
Cancel 40.0 -10.333343505859375 0.29999920836417004
Cancel 47.66667175292969 -21.0 0.1003097083303146
End 23.0 -14.666656494140625 0.06536737503483891
End 41.0 -19.333343505859375 0.0785040000337176
End 44.0 -25.666656494140625 0.0836974999983795
End 39.0 -24.666671752929688 0.09882279165321961
End 36.666656494140625 -19.0 0.08206216664984822
End 60.0 -29.333343505859375 0.08383866667281836
Cancel 60.0 -24.0 0.08346920838812366
Cancel 50.333343505859375 -21.666671752929688 0.0833416249952279
Cancel 47.66667175292969 -21.0 0.08339720830554143
Cancel 47.33332824707031 -25.0 0.0835347916581668
Cancel 53.66667175292969 -37.333343505859375 0.08361287496518344
Cancel 53.66667175292969 -19.666671752929688 0.11667224997654557
End 56.0 -27.333328247070312 0.09996916668023914
End 43.66667175292969 -17.666656494140625 0.11671916663181037
Cancel 53.0 -24.666671752929688 0.0996398749994114
Cancel 50.33332824707031 -13.333343505859375 0.14988637500209734
Cancel 46.33332824707031 -17.333328247070312 0.16659254167461768
Cancel 42.0 -11.666671752929688 0.24980366666568443
Cancel 41.0 -9.666656494140625 0.2168641250464134
Cancel 39.66667175292969 -10.0 0.2498635416268371
Cancel 37.33332824707031 -7.3333282470703125 0.31658483331557363
Cancel 42.333343505859375 -10.333328247070312 0.24974275002023205
Cancel 40.66667175292969 -9.666656494140625 0.22987979161553085
Cancel 39.333343505859375 -11.333328247070312 0.2500503333285451
Cancel 36.0 -6.666656494140625 0.3331821666797623
Cancel 36.333343505859375 -8.333343505859375 0.3169260833528824
Cancel 34.33332824707031 -7.333343505859375 0.3668748749769293
Cancel 29.0 -7.0 0.4669953333796002
End 132.6666717529297 -38.33332824707031 1.8495364166446961
End 129.6666717529297 -47.66667175292969 1.8999610833707266
Cancel 31.0 -6.3333282470703125 0.4497892916551791
Cancel 30.666671752929688 -4.333343505859375 0.4500677083269693
Cancel 29.333343505859375 -4.3333282470703125 0.4666922500473447
Cancel 35.0 -6.6666717529296875 0.3333604999934323
Cancel 29.666656494140625 -5.0 0.4500359583180398
Cancel 30.666671752929688 -9.0 0.45021895837271586
Cancel 27.666671752929688 -3.0 0.4832133333547972
End 112.66667175292969 -24.666656494140625 1.9669719999656081
End 122.0 -29.333343505859375 2.015427833306603
Cancel 28.666671752929688 -5.6666717529296875 0.4663097499869764
End 101.66665649414062 -22.666671752929688 1.7822434583795257
Cancel 32.33332824707031 -6.0 0.3833698750240728
Cancel 28.666671752929688 -8.333343505859375 0.48347762500634417
Cancel 30.333343505859375 -3.0 0.4664142082910985
Cancel 29.0 -24.333343505859375 0.4499134999932721
End 78.66665649414062 -103.0 1.415602166671306
End 68.33332824707031 -124.33332824707031 1.5332512083114125
End 42.666656494140625 -118.0 1.1168375833076425
End 38.66667175292969 -119.33334350585938 1.0323755000135861
End 56.33332824707031 -152.3333282470703 1.0669466250110418
End 68.0 -134.0 0.9834359583328478
End 77.33332824707031 -120.0 1.0155999583075754
End 99.33332824707031 -117.33334350585938 0.9498575416509993
End 100.33332824707031 -113.0 0.8322015833109617
End 94.66665649414062 -110.0 0.9326368750189431
End 104.33334350585938 -119.66665649414062 0.8332723749917932
Cancel 34.333343505859375 3.3333282470703125 0.383463041682262
Cancel 33.0 18.333328247070312 0.3669084166176617
Cancel 34.33332824707031 28.666671752929688 0.367032291716896
End 83.66667175292969 127.33332824707031 1.1166305833612569
End 70.66667175292969 138.6666717529297 0.8834154999931343
End 72.33332824707031 135.3333282470703 0.8489070833311416
End 92.66667175292969 128.6666717529297 0.948759000049904
Cancel 39.0 28.666656494140625 0.24988925002980977
Cancel 39.0 26.0 0.2666954166488722
End 103.0 122.33332824707031 0.8821913332794793
Cancel 41.33332824707031 23.0 0.2497679166845046
Cancel 39.0 7.333343505859375 0.26715637499000877
Cancel 50.0 28.333328247070312 0.15005541662685573
Cancel 52.33332824707031 29.666656494140625 0.13313158333767205
End 54.33332824707031 54.666656494140625 0.15004149999003857
End 59.333343505859375 61.66667175292969 0.1659323750063777
End 61.0 55.0 0.16540370834991336
End 51.0 45.666656494140625 0.16574924997985363
Cancel 48.66667175292969 40.0 0.15027837501838803
End 39.0 46.333343505859375 0.14892887498717755
End 37.0 48.0 0.1489069166709669
End 68.66667175292969 83.66667175292969 0.18337341665755957
End 95.33334350585938 133.33334350585938 0.19884216669015586
End 96.33334350585938 119.66667175292969 0.16574829164892435
End 104.33334350585938 139.33334350585938 0.19885441666701809
End 114.33332824707031 134.6666717529297 0.1788525833399035
End 101.0 142.6666717529297 0.14999920828267932
End 83.33332824707031 103.33332824707031 0.16590712498873472
Cancel 50.0 44.333343505859375 0.1001004166319035
Cancel 61.33332824707031 31.0 0.09974908333970234
Cancel 59.33332824707031 26.0 0.11667920829495415
Cancel 51.333343505859375 35.0 0.0831260000122711
Cancel 46.66667175292969 30.0 0.08365533332107589
Cancel 63.33332824707031 24.666671752929688 0.10026370832929388
Cancel 46.333343505859375 18.0 0.08327666670084
Cancel 60.0 16.333343505859375 0.0833133333362639
Cancel 58.33332824707031 2.666656494140625 0.083583791682031
Cancel 59.0 3.6666717529296875 0.09987104166066274
Cancel 46.66667175292969 6.3333282470703125 0.10019787499913946
Cancel 52.0 -1.0 0.06680820829933509
Cancel 57.0 3.333343505859375 0.08333154168212786
Cancel 65.33332824707031 -17.0 0.10010974999750033
Cancel 64.0 -23.333328247070312 0.1000854583689943
Cancel 56.66667175292969 -30.0 0.0833672916633077
Cancel 52.66667175292969 -31.333328247070312 0.08330704167019576
Cancel 48.333343505859375 -34.66667175292969 0.08350666670594364
End 114.66667175292969 -109.33332824707031 0.14879566669696942
End 107.66665649414062 -110.33334350585938 0.16534616670105606
Cancel 53.0 -41.66667175292969 0.0668638750212267
End 91.0 -62.0 0.09878149995347485
Cancel 60.333343505859375 -35.0 0.06698974996106699
Cancel 51.666656494140625 -22.0 0.06658129167044535
Cancel 54.333343505859375 -10.333343505859375 0.08319604169810191
Cancel 61.33332824707031 12.333343505859375 0.08333879167912528
Cancel 63.0 13.333328247070312 0.0836377083323896
Cancel 48.666656494140625 2.3333282470703125 0.10006583330687135
Cancel 61.333343505859375 -5.0 0.07979916664771736
Cancel 47.0 -12.333328247070312 0.0833472500089556
Cancel 53.66667175292969 -11.333343505859375 0.06670608330750838
Cancel 61.66667175292969 -20.0 0.08321241667727008
End 92.66665649414062 -64.66667175292969 0.14895308332052082
End 69.33332824707031 -82.66667175292969 0.14872370834928006
End 60.66667175292969 -89.33332824707031 0.15016962500521913
End 62.666656494140625 -99.0 0.13335420831572264
End 78.0 -88.33332824707031 0.16666137496940792
End 49.0 -68.66667175292969 0.16551154165063053
End 44.0 -67.66667175292969 0.19864495832007378
End 40.66667175292969 -95.0 0.1988598332973197
End 35.0 -93.33332824707031 0.1488132916856557
End 20.666671752929688 90.66667175292969 0.19881587498821318
End 22.333328247070312 66.33332824707031 0.2001268749590963
End 29.333343505859375 52.0 0.19877883332083002
End 37.0 42.66667175292969 0.1987878333311528
Cancel 44.66667175292969 37.333343505859375 0.18359341664472595
Cancel 48.33332824707031 25.333328247070312 0.16659691667882726
Cancel 46.66667175292969 15.0 0.15008837502682582
Cancel 52.0 13.333328247070312 0.14993870834587142
End 51.33332824707031 56.666656494140625 0.23575904162134975
End 41.0 60.333343505859375 0.23204400000395253
End 29.666671752929688 61.33332824707031 0.18320408335421234
End 9.0 65.33332824707031 0.16665933333570138
Cancel 45.33332824707031 25.333328247070312 0.250025583372917
End 0.0 0.0 0.05006962496554479
Cancel 45.333343505859375 10.333328247070312 0.11669975001132116
Cancel 44.0 -27.666671752929688 0.13351650000549853
End -56.0 -73.66667175292969 0.21674075000919402
End -62.333343505859375 -36.0 0.14885370834963396
End -78.66667175292969 -2.3333282470703125 0.16559216665336862
End -97.33332824707031 48.666656494140625 0.16543325001839548
End -65.0 89.66667175292969 0.11658441665349528
End -72.66667175292969 9.0 0.3488585000159219
End -55.333343505859375 -2.666656494140625 0.3500237916596234
End 61.333343505859375 -84.33332824707031 0.18361329165054485
End 61.0 -95.33332824707031 0.18219583330210298
End 68.66667175292969 -64.0 0.18208312499336898
Cancel 52.66667175292969 -27.333343505859375 0.08324204164091498
End 76.0 -82.66667175292969 0.16678658331511542
End 60.0 -90.0 0.18331545835826546
End 79.66667175292969 -70.66667175292969 0.16671520832460374
Cancel 42.0 36.666656494140625 0.1834660000167787
End 43.33332824707031 53.66667175292969 0.232110874960199
End 35.66667175292969 63.66667175292969 0.21597795834532008
End 12.333328247070312 63.33332824707031 0.16549145837780088
End 49.33332824707031 50.33332824707031 0.19881495833396912
Cancel 43.0 27.333328247070312 0.2169100416940637
Cancel 45.0 24.333328247070312 0.13329770835116506
Cancel 45.33332824707031 14.666656494140625 0.13373737502843142
Cancel 44.33332824707031 14.0 0.13328591670142487
Cancel 46.0 7.3333282470703125 0.16652445832733065
Cancel 45.0 -21.0 0.18320112500805408
End 81.66665649414062 -69.33332824707031 0.19908704166300595
End 91.66667175292969 -98.0 0.15018108335789293
End 61.33332824707031 -60.0 0.14840370835736394
End 61.0 -96.0 0.165311083314009
End 74.66667175292969 -64.33332824707031 0.13225116668036208
End 41.0 59.0 0.16671820834744722
Cancel 49.0 40.666656494140625 0.11663008335744962
Cancel 52.33332824707031 -14.333328247070312 0.06665250001242384
