End 58.0 -50.0 0.09510170837165788
Cancel 69.0 -36.33332824707031 0.08494041668018326
End 70.0 -79.0 0.11671775003196672
End 43.66667175292969 -33.33332824707031 0.08254662499530241
End 49.33332824707031 -24.333343505859375 0.06560400000307709
Cancel 62.33332824707031 -9.666671752929688 0.06681020831456408
End 46.66667175292969 10.333328247070312 0.08200683334143832
End 34.0 18.333343505859375 0.08196933334693313
End 38.0 35.333343505859375 0.06657279166392982
Cancel 56.66667175292969 -45.0 0.06674899999052286
Cancel 50.66667175292969 -46.0 0.06684304168447852
Cancel 48.666656494140625 -39.0 0.05004250002093613
Cancel 57.66667175292969 -21.333328247070312 0.050089208292774856
Cancel 52.33332824707031 -20.0 0.05002787499688566
Cancel 76.0 -11.0 0.06680450000567362
Cancel 50.66667175292969 13.0 0.05005870835157111
Cancel 57.33332824707031 22.333343505859375 0.050127249967772514
Cancel 69.66667175292969 32.33332824707031 0.06696420832304284
End 161.3333282470703 -115.33334350585938 0.09874304168624803
End 224.66665649414062 -149.3333282470703 0.13227120833471417
End 217.6666717529297 -105.66665649414062 0.14894266665214673
Cancel 66.33332824707031 -33.0 0.06667962501524016
Cancel 91.33332824707031 -34.33332824707031 0.06682391668437049
Cancel 56.666656494140625 -19.333328247070312 0.04994674999034032
Cancel 82.33334350585938 -20.333328247070312 0.05005329172126949
Cancel 63.33332824707031 -8.666656494140625 0.049991624953690916
Cancel 64.0 -8.0 0.05007754167309031
Cancel 83.0 33.0 0.06682645832188427
Cancel 59.33332824707031 30.333328247070312 0.04999370832229033
Cancel 81.33334350585938 21.333328247070312 0.0667508749756962
Cancel 54.0 6.3333282470703125 0.05009854165837169
Cancel 64.66665649414062 -17.333343505859375 0.050107416696846485
Cancel 60.0 -17.0 0.08350716670975089
End 212.33334350585938 -108.33334350585938 0.133522083342541
Cancel 70.33332824707031 -36.666656494140625 0.10027324996190146
Cancel 62.66667175292969 -18.333343505859375 0.06671116664074361
Cancel 66.66667175292969 -4.333343505859375 0.06671833334257826
Cancel 78.0 -9.666671752929688 0.08463904162636027
Cancel 55.66667175292969 -2.3333282470703125 0.05021150002721697
Cancel 84.33334350585938 -3.666656494140625 0.06682558334432542
Cancel 78.33334350585938 1.666656494140625 0.050095083308406174
End 334.0 -111.33332824707031 0.1488837916404009
End 222.6666717529297 -121.66665649414062 0.11570762499468401
Cancel 82.66667175292969 -39.33332824707031 0.06679695833008736
Cancel 62.33332824707031 -14.333328247070312 0.0501968750031665
Cancel 88.33332824707031 5.0 0.0666126249707304
Cancel 68.33332824707031 12.333328247070312 0.04880229168338701
Cancel 69.0 29.666671752929688 0.05011274997377768
Cancel 67.33332824707031 15.0 0.06668516667559743
Cancel 53.0 -15.333328247070312 0.06684874999336898
Cancel 54.33332824707031 -26.0 0.06691112503176555
End 84.0 -81.66667175292969 0.11531091667711735
End 84.66665649414062 -100.66667175292969 0.13225204165792093
End 68.33334350585938 -64.33334350585938 0.11561587499454618
End 66.66667175292969 -59.66667175292969 0.1152997916797176
End 74.66667175292969 -54.0 0.11572495830478147
Cancel 55.66667175292969 -19.333328247070312 0.08361258334480226
Cancel 55.33332824707031 -29.666656494140625 0.08342133334372193
Cancel 50.0 -14.0 0.08330162498168647
Cancel 54.333343505859375 15.666671752929688 0.10010533331660554
Cancel 58.33332824707031 33.666656494140625 0.09998162504052743
Cancel 48.0 41.33332824707031 0.08341654163086787
Cancel 56.66667175292969 34.33332824707031 0.09993999998550862
End 59.0 70.0 0.13202566670952365
End 36.33332824707031 54.66667175292969 0.10002737503964454
End 42.0 67.0 0.13213566661579534
Cancel 48.0 17.666656494140625 0.0834248749888502
End 42.33332824707031 -2.3333282470703125 0.08323795831529424
Cancel 56.66667175292969 -21.0 0.08327208337141201
Cancel 56.0 -40.666656494140625 0.08343720837729052
End 48.33332824707031 -54.0 0.08211008331272751
End 44.0 -46.0 0.08220345829613507
End 39.666656494140625 -30.666656494140625 0.08226308337179944
End 42.0 -11.333343505859375 0.045273666677530855
End 46.66667175292969 -20.333328247070312 0.08226095832651481
End 43.33332824707031 8.333328247070312 0.08225987502373755
Cancel 61.666656494140625 21.0 0.08346195833291858
Cancel 52.0 30.666671752929688 0.08328529167920351
Cancel 48.666656494140625 19.666671752929688 0.08333679166389629
Cancel 48.0 -7.0 0.08331366669153795
Cancel 47.66667175292969 -37.33332824707031 0.08337862498592585
End 44.33332824707031 -45.66667175292969 0.09892324998509139
End 68.33332824707031 -63.333343505859375 0.08329958328977227
Cancel 54.33332824707031 -45.66667175292969 0.06683550000889227
Cancel 57.333343505859375 -45.66667175292969 0.06688141665654257
Cancel 51.33332824707031 -29.0 0.05000450002262369
Cancel 56.0 -17.0 0.0668231250019744
Cancel 74.0 -1.6666717529296875 0.06669575005071238
End 100.33334350585938 91.0 0.11561187502229586
End 94.33334350585938 111.33332824707031 0.11674854170996696
Cancel 74.66665649414062 31.666671752929688 0.08343275001971051
Cancel 76.0 -18.666671752929688 0.06664529163390398
Cancel 57.666656494140625 -43.333343505859375 0.06675504165468737
End 117.0 -103.33334350585938 0.11544700001832098
End 132.6666717529297 -141.0 0.1153667499893345
End 126.33332824707031 -99.33334350585938 0.09886687499238178
Cancel 70.0 -39.66667175292969 0.06671016663312912
Cancel 49.333343505859375 -26.0 0.049913208349607885
Cancel 72.66667175292969 -33.0 0.05024633335415274
Cancel 55.0 -4.3333282470703125 0.05003833334194496
Cancel 62.333343505859375 27.333343505859375 0.06655374995898455
Cancel 64.66667175292969 42.0 0.05020804167725146
Cancel 54.66667175292969 33.333343505859375 0.049983249977231026
Cancel 68.33334350585938 -16.666656494140625 0.050101833301596344
Cancel 57.33332824707031 -39.0 0.050086624978575855
Cancel 58.0 -45.66667175292969 0.04991537501337007
Cancel 62.33332824707031 -43.0 0.0499965000199154
End 252.0 -154.6666717529297 0.09977408335544169
Cancel 88.66665649414062 -38.0 0.06670304166618735
Cancel 75.66665649414062 -22.666671752929688 0.04992700001457706
Cancel 85.66667175292969 -10.666671752929688 0.05007833335548639
Cancel 60.66667175292969 -7.0 0.050103874993510544
Cancel 80.33334350585938 9.333328247070312 0.05003337498055771
Cancel 64.0 14.666656494140625 0.05012225004611537
Cancel 83.66667175292969 -3.3333282470703125 0.050134708348196
Cancel 48.333343505859375 -27.333343505859375 0.050044791656546295
Cancel 51.666656494140625 -35.66667175292969 0.0500540416687727
End 274.6666564941406 -150.6666717529297 0.13211945834336802
End 264.3333282470703 -131.33334350585938 0.11549275001743808
Cancel 65.66667175292969 -16.333328247070312 0.06688820832641795
Cancel 76.0 -22.666671752929688 0.0834746666951105
Cancel 72.33332824707031 -6.333343505859375 0.06686616665683687
Cancel 85.0 9.333328247070312 0.06660562503384426
Cancel 87.33332824707031 -5.6666717529296875 0.06681920838309452
Cancel 85.0 1.333343505859375 0.050137125013861805
Cancel 69.66667175292969 -18.0 0.05006583331851289
Cancel 72.0 -35.33332824707031 0.0666629999759607
Cancel 68.33332824707031 -39.666656494140625 0.01801950001390651
Cancel 53.33332824707031 -30.0 0.05143500003032386
Cancel 98.66667175292969 -30.333328247070312 0.051281250023748726
Cancel 51.0 -23.333328247070312 0.03326983336592093
Cancel 79.66667175292969 -32.333343505859375 0.03452041669515893
Cancel 70.66667175292969 -38.666656494140625 0.017945250030606985
Cancel 57.66667175292969 -38.66667175292969 0.01787087501725182
Cancel 79.0 -41.666656494140625 0.03457616665400565
Cancel 59.66667175292969 -29.333328247070312 0.03347924997797236
Cancel 57.0 -22.333328247070312 0.03365654166555032
Cancel 64.0 -5.6666717529296875 0.01664858328877017
Cancel 52.0 -26.333343505859375 0.01687495835358277
End 115.33334350585938 -55.333343505859375 0.049989666673354805
End 88.66665649414062 -45.66667175292969 0.03452095831744373
Cancel 72.0 -32.33332824707031 0.05126941663911566
Cancel 72.66667175292969 -28.0 0.051315791672095656
Cancel 80.66665649414062 -23.0 0.051243916677776724
Cancel 58.66667175292969 -24.666671752929688 0.04997908329823986
Cancel 66.33332824707031 -38.0 0.051464208343531936
End 97.66665649414062 -60.0 0.06554137502098456
Cancel 61.333343505859375 -32.0 0.033363916678354144
Cancel 78.66665649414062 -43.33332824707031 0.051379916665609926
Cancel 55.666656494140625 -24.333328247070312 0.03333362500416115
End 84.66667175292969 -22.666671752929688 0.06743054161779583
End 35.666656494140625 -5.0 0.06677104166010395
Cancel 61.33332824707031 -10.0 0.04869999998481944
Cancel 52.0 -23.666671752929688 0.051167625002563
Cancel 97.33332824707031 -47.0 0.0512215833296068
Cancel 70.33332824707031 -36.0 0.050033208332024515
Cancel 53.33332824707031 -36.66667175292969 0.03332354169106111
Cancel 55.0 -28.0 0.05139091669116169
Cancel 65.66667175292969 -26.0 0.033457208366598934
End 29.666671752929688 -10.0 0.032132291700690985
Cancel 67.33332824707031 -12.666671752929688 0.05012012500083074
Cancel 52.0 -13.0 0.033417124999687076
Cancel 50.0 -17.0 0.033670208358671516
End 40.33332824707031 -26.0 0.0488647916354239
Cancel 55.66667175292969 -17.666671752929688 0.0345658750156872
Cancel 54.66667175292969 -24.0 0.03345525002805516
End 46.33332824707031 -18.333343505859375 0.04889550001826137
End 46.66667175292969 -10.666656494140625 0.04837229166878387
End 41.66667175292969 -20.666671752929688 0.04886029165936634
End 33.0 -10.333328247070312 0.049843291693832725
Cancel 54.0 -13.0 0.03334929165430367
End 35.0 -12.666671752929688 0.0487188333645463
End 66.0 -31.0 0.050042208342347294
Cancel 59.66667175292969 -23.333328247070312 0.033213791670277715
Cancel 67.66665649414062 -18.666671752929688 0.05005662504117936
End 37.0 -19.333328247070312 0.04885687498608604
Cancel 54.0 -26.0 0.05005608330247924
End 47.666656494140625 -13.333328247070312 0.050161916646175086
Cancel 56.333343505859375 -26.0 0.05004262499278411
Cancel 74.66667175292969 -34.0 0.050090916687622666
End 40.33332824707031 -16.0 0.04887850000523031
End 49.66667175292969 -17.666671752929688 0.04883324995171279
Cancel 49.66667175292969 -9.0 0.0487724999547936
End 45.0 -2.666656494140625 0.04897612502099946
End 42.66667175292969 -10.666671752929688 0.04883595835417509
End 41.33332824707031 -20.666656494140625 0.0486660833703354
End 37.0 -22.0 0.048746791668236256
Cancel 65.66667175292969 -28.333343505859375 0.0333858749945648
Cancel 55.333343505859375 -21.666671752929688 0.033557291666511446
End 29.666671752929688 -14.666671752929688 0.0487928333459422
End 74.33332824707031 -23.666671752929688 0.0332097916980274
End 34.0 -11.333328247070312 0.01664708333555609
Cancel 51.33332824707031 -16.666656494140625 0.03471687500132248
Cancel 53.33332824707031 -17.666671752929688 0.03342749999137595
End 45.666656494140625 -15.666671752929688 0.048629375000018626
End 31.333328247070312 -11.0 0.032041583326645195
End 46.33332824707031 -22.0 0.04892504162853584
Cancel 62.0 -32.0 0.033094333310145885
End 45.66667175292969 -24.333328247070312 0.048732416704297066
Cancel 64.66665649414062 -22.333328247070312 0.03334799996810034
End 39.0 -24.333328247070312 0.04868900001747534
End 35.66667175292969 -13.0 0.04885720834136009
End 69.66667175292969 -21.333343505859375 0.033147000009194016
End 25.333328247070312 -8.333328247070312 0.03225258336169645
End 62.66667175292969 -25.666671752929688 0.0500097083277069
End 16.333328247070312 -8.0 0.032027208304498345
End 31.0 -22.0 0.048811124986968935
End 25.333343505859375 -18.0 0.0488183333654888
End 2.0 -5.6666717529296875 0.048913750040810555
End 45.0 -21.333328247070312 0.04883362498367205
End 23.666671752929688 -9.666671752929688 0.03196612495230511
End 28.333328247070312 -19.333328247070312 0.047484499984420836
End 52.666656494140625 -15.666671752929688 0.033267208316829056
End 37.0 -24.0 0.04880925000179559
End 27.333343505859375 -10.666671752929688 0.0322106666280888
End 46.0 -17.666671752929688 0.03353362501366064
End 34.666656494140625 -18.333343505859375 0.04882616666145623
End 24.333328247070312 -8.333328247070312 0.03312695835484192
End 41.0 -18.0 0.048832791624590755
End 56.66667175292969 -20.666671752929688 0.05011249997187406
End 35.666656494140625 -19.333343505859375 0.04764649999560788
End 37.0 -9.666656494140625 0.04879516671644524
End 31.333343505859375 -10.333328247070312 0.03326716664014384
End 29.666671752929688 -16.666671752929688 0.04883699998026714
Cancel 52.33332824707031 -20.333328247070312 0.03327004169113934
End 38.33332824707031 -19.666671752929688 0.048811125045176595
End 32.0 -21.333328247070312 0.048865708289667964
End 34.33332824707031 -18.666671752929688 0.04859037499409169
End 12.333328247070312 1.0 0.048861208371818066
End 6.6666717529296875 0.0 0.04856441670563072
End 0.0 0.0 0.050001916650217026
End 0.0 0.0 0.0346832083305344
Cancel 65.66665649414062 -7.666656494140625 0.05138695833738893
End 12.333328247070312 2.0 0.033390833355952054
End -1.666656494140625 -7.333343505859375 0.03321804164443165
End 26.333343505859375 -20.666671752929688 0.04997654166072607
End 14.0 -12.666671752929688 0.03192674997262657
End 23.666656494140625 -17.333328247070312 0.05000154167646542
End 26.0 -9.0 0.032212083286140114
End 45.33332824707031 -24.0 0.0497890833648853
End 33.666656494140625 -19.333328247070312 0.03186574997380376
End 58.33332824707031 -23.333328247070312 0.03334808337967843
End 27.0 -5.3333282470703125 0.03208841662853956
Cancel 51.66667175292969 -20.0 0.03329729166580364
End 27.0 -16.0 0.03201629163231701
Cancel 76.66667175292969 -40.66667175292969 0.05000920832389966
Cancel 53.666656494140625 -34.66667175292969 0.033299374976195395
End 39.333343505859375 -21.666671752929688 0.04866000002948567
End 34.0 -24.666656494140625 0.04908070829696953
End 37.33332824707031 -11.333328247070312 0.0497777916607447
End 30.666671752929688 -14.0 0.0320213750237599
End 50.0 -30.666671752929688 0.03445483330870047
End 31.666671752929688 -19.666671752929688 0.03207166667561978
Cancel 56.33332824707031 -30.333328247070312 0.03339462500298396
End 40.333343505859375 -21.0 0.04891049995785579
End 22.333328247070312 -15.666671752929688 0.04756725003244355
End 34.333343505859375 -12.666671752929688 0.03339254163438454
End 38.66667175292969 -16.666671752929688 0.048804916674271226
Cancel 61.0 -31.0 0.03331075003370643
Cancel 80.33332824707031 -17.666671752929688 0.0806169583229348
Cancel 66.0 -37.66667175292969 0.09998679166892543
Cancel 49.33332824707031 -44.66667175292969 0.09973895834991708
End 107.66667175292969 -98.0 0.1320196666638367
End 87.33332824707031 -86.0 0.1500736666494049
End 101.33332824707031 -75.0 0.13206841668579727
End 124.0 -82.66667175292969 0.1154814999899827
Cancel 65.33332824707031 -28.333343505859375 0.08368270832579583
End 108.33332824707031 -85.66665649414062 0.11528745834948495
End 87.33334350585938 -84.0 0.14900937495986
End 110.0 -100.33332824707031 0.1155551666743122
Cancel 61.66667175292969 -35.33332824707031 0.06677879166090861
Cancel 67.33332824707031 14.333343505859375 0.08298233331879601
Cancel 57.66667175292969 42.333343505859375 0.08365579170640558
End 70.33332824707031 62.333343505859375 0.13215883332304657
Cancel 52.33332824707031 34.66667175292969 0.0835716666188091
Cancel 50.666656494140625 42.666656494140625 0.06665308336960152
Cancel 51.66667175292969 16.0 0.06686500000068918
Cancel 78.0 23.333328247070312 0.08356270828517154
End 85.33332824707031 79.0 0.1330618750071153
End 86.33332824707031 89.33332824707031 0.13352274999488145
End 82.33334350585938 95.0 0.13345279172062874
End 81.0 84.33332824707031 0.14848720835288987
Cancel 53.66667175292969 32.66667175292969 0.06722020829329267
Cancel 66.33334350585938 43.0 0.083171708334703
Cancel 68.33332824707031 40.66667175292969 0.10016245831502602
Cancel 48.33332824707031 28.666656494140625 0.04998083336977288
Cancel 60.66667175292969 39.66667175292969 0.050146875029895455
Cancel 48.33332824707031 32.33332824707031 0.05009233334567398
End 163.3333282470703 161.3333282470703 0.1667474166606553
End 126.66667175292969 157.0 0.1652508749975823
End 119.0 170.33334350585938 0.1820600833161734
Cancel 58.0 30.666671752929688 0.10008170828223228
Cancel 60.333343505859375 -37.33332824707031 0.06798912503290921
End 216.6666717529297 -153.6666717529297 0.15011512499768287
Cancel 62.0 -44.33332824707031 0.10009583336068317
End 183.0 -141.3333282470703 0.1492666249978356
End 189.3333282470703 -154.33334350585938 0.1501405832823366
End 221.3333282470703 -202.33334350585938 0.16555350000271574
End 214.0 -168.0 0.11582962499232963
End 224.6666717529297 -164.0 0.11546229163650423
End 273.3333435058594 -157.6666717529297 0.13205875002313405
Cancel 73.33332824707031 -37.666656494140625 0.08317879168316722
Cancel 79.33332824707031 -39.0 0.08331545832334086
End 263.0 -126.66665649414062 0.1324425833299756
End 263.0 -163.6666717529297 0.13201458333060145
End 213.3333282470703 -190.33334350585938 0.1322832916630432
End 214.3333282470703 -196.66665649414062 0.09884425002383068
End 212.0 -189.3333282470703 0.11545454163569957
End 242.0 -153.66665649414062 0.09870445833075792
Cancel 70.33332824707031 -44.666656494140625 0.05018229165580124
Cancel 72.66667175292969 -38.33332824707031 0.06659354164730757
Cancel 51.33332824707031 -21.666671752929688 0.05030020832782611
End 186.6666717529297 -76.0 0.11560816667042673
End 135.33334350585938 -137.0 0.13369041663827375
End 138.3333282470703 -152.6666717529297 0.16498495830455795
End 118.66667175292969 -154.0 0.15014704171335325
End 85.33332824707031 -120.0 0.1157668333617039
End 70.0 -140.3333282470703 0.11666270828573033
End 94.0 -118.66665649414062 0.09911841666325927
End 75.33332824707031 -76.0 0.08211458334699273
End 124.66665649414062 -91.66667175292969 0.11570695828413591
End 102.66665649414062 -69.0 0.09888341667829081
Cancel 52.66667175292969 -31.0 0.05008987500332296
Cancel 68.66667175292969 -30.0 0.06660212500719354
Cancel 50.66667175292969 -17.0 0.06666491669602692
Cancel 57.33332824707031 -13.333328247070312 0.08358754171058536
Cancel 66.0 -28.0 0.06693733332213014
Cancel 67.0 -45.66667175292969 0.06668345833895728
Cancel 50.0 -45.66667175292969 0.08333150000544265
End 64.33334350585938 -72.66667175292969 0.11555187497287989
End 59.66667175292969 -71.0 0.11540437501389533
End 93.66667175292969 -86.0 0.13230587501311675
Cancel 52.33332824707031 -36.0 0.08363195834681392
Cancel 60.0 -19.333328247070312 0.06689200003165752
Cancel 54.66667175292969 -22.666671752929688 0.06687325000530109
Cancel 52.66667175292969 -26.0 0.08369512500939891
Cancel 58.0 -43.66667175292969 0.08343174995388836
Cancel 50.0 -28.0 0.06656037498032674
Cancel 56.0 -14.666656494140625 0.08349345833994448
Cancel 53.333343505859375 -40.0 0.10029224999016151
End 46.66667175292969 -50.333343505859375 0.11564291664399207
Cancel 52.33332824707031 -39.0 0.06678429164458066
Cancel 64.33332824707031 -45.666656494140625 0.08369412500178441
End 49.666656494140625 -12.666671752929688 0.08333570830291137
Cancel 51.0 -1.0 0.08338629163336009
Cancel 55.33332824707031 -10.666671752929688 0.08340095833409578
Cancel 60.666656494140625 -37.0 0.046535125002264977
End 62.0 -61.33332824707031 0.08305325004039332
End 37.66667175292969 -53.666656494140625 0.098955791676417
End 69.33332824707031 -80.0 0.13334012497216463
End 70.0 -53.0 0.09841433336259797
Cancel 63.333343505859375 -39.66667175292969 0.08334100001957268
