End 79.0 -43.66667175292969 1.3338811666471884
End 48.666656494140625 -24.333343505859375 0.9016900000278838
Cancel 28.333328247070312 -7.3333282470703125 0.4678635416785255
Cancel 30.666656494140625 -1.0 0.41808983334340155
Cancel 30.666671752929688 -1.0 0.43308445828733966
Cancel 32.66667175292969 10.666656494140625 0.4179527083178982
Cancel 27.333328247070312 9.666671752929688 0.48377399996388704
Cancel 35.333343505859375 10.666671752929688 0.3501362083479762
Cancel 35.33332824707031 28.333343505859375 0.31696283334167674
End 47.33332824707031 71.0 0.7317868333193474
End 49.66667175292969 73.66667175292969 0.6185058749979362
End 63.333343505859375 63.66667175292969 0.7165814166655764
Cancel 33.0 26.333328247070312 0.36672458332031965
End 73.0 73.0 0.6822363749961369
Cancel 39.0 23.333343505859375 0.284608083369676
Cancel 42.0 28.0 0.229560749954544
End 62.66667175292969 -71.0 0.6655201250105165
End 80.0 -67.33334350585938 0.5822682083235122
End 50.66667175292969 -68.0 0.5499768332811072
End 109.66665649414062 -105.66667175292969 0.7824247083044611
End 68.33332824707031 -92.0 0.8002985416678712
End 82.66667175292969 -126.0 0.732292625005357
End 90.33332824707031 -82.66667175292969 0.6320881666615605
End 120.33332824707031 -121.33332824707031 0.7155012916773558
End 133.66665649414062 -108.66667175292969 0.6986066249664873
End 108.0 -129.6666717529297 0.665294416656252
Cancel 41.666656494140625 -36.333343505859375 0.26629854168277234
Cancel 41.333343505859375 -39.0 0.21660262497607619
Cancel 38.333343505859375 -31.0 0.3002223750227131
Cancel 40.66667175292969 -35.33332824707031 0.2502431250177324
Cancel 39.66667175292969 -27.666671752929688 0.28357654163846746
Cancel 39.66667175292969 -24.0 0.28321191668510437
Cancel 39.0 -13.0 0.2496623750193976
Cancel 41.66667175292969 -5.666656494140625 0.21682891668751836
Cancel 41.333343505859375 -9.333343505859375 0.2501327499630861
Cancel 36.0 -9.333328247070312 0.3169785833451897
Cancel 35.66667175292969 -1.0 0.31719316670205444
Cancel 36.66667175292969 -1.6666717529296875 0.30014825001126155
Cancel 34.0 -2.333343505859375 0.3500098750228062
Cancel 37.333343505859375 -11.666671752929688 0.3332534583751112
Cancel 32.0 -8.0 0.383133125025779
Cancel 34.33332824707031 -3.0 0.3500727500068024
Cancel 30.0 -3.333343505859375 0.4337152916705236
Cancel 30.333343505859375 -10.0 0.43384379165945575
Cancel 32.333343505859375 -7.0 0.4168270833324641
Cancel 30.0 -16.0 0.4335647499538027
Cancel 28.333328247070312 -12.0 0.4666389583144337
Cancel 27.666671752929688 -2.666656494140625 0.4831749166478403
End 31.0 -3.3333282470703125 0.5989215000299737
End 33.33332824707031 -9.333328247070312 0.6322535416693427
End 37.333343505859375 -9.333328247070312 0.6991078749997541
Cancel 27.333343505859375 -1.6666717529296875 0.484002708340995
Cancel 29.0 -4.3333282470703125 0.46701145835686475
Cancel 29.0 -8.333328247070312 0.483333041658625
Cancel 30.0 -0.666656494140625 0.46699087496381253
End 41.0 -11.666671752929688 0.7165222082985565
Cancel 27.333328247070312 -12.0 0.49991962499916553
Cancel 27.333343505859375 -7.0 0.4837736250483431
End 30.666671752929688 -6.666656494140625 0.7155521666863933
End 29.333328247070312 -4.6666717529296875 0.5330937916878611
End 39.33332824707031 -15.666671752929688 0.6670445000054315
End 37.33332824707031 -17.0 0.7323665833682753
End 34.0 -5.666656494140625 0.6824863749789074
End 38.66667175292969 -5.6666717529296875 0.7488621666561812
Cancel 28.666671752929688 -2.3333282470703125 0.4665854583145119
Cancel 29.333343505859375 -6.6666717529296875 0.4500508332857862
Cancel 28.666656494140625 -14.666671752929688 0.46694387501338497
Cancel 27.333328247070312 -11.0 0.4831705416436307
End 52.33332824707031 -23.666671752929688 0.9154935416881926
Cancel 30.0 -5.3333282470703125 0.4338369583711028
Cancel 31.0 -5.333343505859375 0.43392608332214877
Cancel 29.333328247070312 -7.0 0.46657233336009085
Cancel 29.666671752929688 -0.6666717529296875 0.45006720832316205
Cancel 29.333343505859375 -1.0 0.4670658750110306
End 30.666671752929688 -3.0 0.6000756249995902
Cancel 27.0 -2.0 0.4996314166346565
End 37.0 -3.333343505859375 0.6822965000174008
Cancel 28.0 -1.666656494140625 0.4833195000537671
Cancel 32.0 -3.6666717529296875 0.3832356249913573
Cancel 31.333328247070312 -2.3333282470703125 0.41678245837101713
End 33.666656494140625 -2.0 0.6668767916271463
Cancel 30.333343505859375 -2.3333282470703125 0.43345862498972565
Cancel 29.666656494140625 -1.333343505859375 0.4335445833276026
Cancel 28.666656494140625 -3.666656494140625 0.48340233333874494
Cancel 29.0 0.0 0.44996145833283663
End 38.333343505859375 -0.666656494140625 0.6157093333313242
Cancel 27.333328247070312 -9.0 0.4998641249840148
End 40.66667175292969 -18.0 0.7003159583546221
End 39.0 -13.333343505859375 0.7004078749450855
Cancel 29.333328247070312 -15.0 0.4502484999829903
Cancel 30.0 -11.666656494140625 0.44993820833042264
Cancel 29.0 -13.0 0.46662604168523103
Cancel 29.333328247070312 -14.666671752929688 0.46709954168181866
End 27.0 -16.666671752929688 0.5325820833677426
End 29.333328247070312 -14.666671752929688 0.5335676250397228
End 28.333328247070312 -16.0 0.5654309166711755
End 30.0 -16.666671752929688 0.5984655000502244
End 38.333343505859375 -22.333328247070312 0.7490595416747965
Cancel 33.0 -17.0 0.3833712083287537
Cancel 29.666671752929688 -17.333343505859375 0.45022354170214385
Cancel 30.333328247070312 -15.333343505859375 0.43346445832867175
Cancel 30.666671752929688 -18.666671752929688 0.44970495835877955
End 34.33332824707031 10.0 0.782045875035692
End 32.66667175292969 4.6666717529296875 0.749117249972187
End 34.0 14.333328247070312 0.6651784166460857
Cancel 27.666656494140625 -1.333343505859375 0.48354275000747293
Cancel 31.333328247070312 6.0 0.4333465833333321
Cancel 30.666671752929688 6.6666717529296875 0.4334124166634865
Cancel 36.33332824707031 8.666671752929688 0.3332415416953154
Cancel 30.666671752929688 24.0 0.4168857083423063
End 64.66667175292969 67.66665649414062 0.9822152916458435
Cancel 30.666671752929688 15.666671752929688 0.41678645834326744
Cancel 34.33332824707031 8.666671752929688 0.3665727916522883
Cancel 41.666656494140625 -1.333343505859375 0.20004395832074806
Cancel 41.0 -4.3333282470703125 0.2680433749919757
Cancel 40.66667175292969 2.666656494140625 0.20005412498721853
Cancel 43.0 14.333328247070312 0.23456850001821294
Cancel 42.0 -5.0 0.20142324996413663
Cancel 40.666656494140625 -19.333328247070312 0.23474949999945238
Cancel 43.33332824707031 -0.6666717529296875 0.23297274997457862
Cancel 46.66667175292969 7.6666717529296875 0.20000654162140563
Cancel 42.0 -20.333328247070312 0.20012895832769573
Cancel 45.0 -20.666671752929688 0.1834960833657533
Cancel 42.33332824707031 -20.0 0.16687575000105426
Cancel 39.33332824707031 -24.666671752929688 0.25005433335900307
Cancel 39.333343505859375 -18.333328247070312 0.25031545833917335
Cancel 39.66667175292969 -19.666656494140625 0.2678455416462384
Cancel 40.0 -11.666671752929688 0.24992762500187382
Cancel 40.333343505859375 -12.333328247070312 0.26678679167525843
Cancel 40.66667175292969 -3.6666717529296875 0.24982858332805336
End 39.0 5.6666717529296875 0.2656526666251011
Cancel 36.0 -2.666656494140625 0.33330166671657935
Cancel 40.333343505859375 -12.0 0.23322283336892724
Cancel 39.66667175292969 -9.333328247070312 0.23364091664552689
End 39.0 -7.6666717529296875 0.2822652916656807
End 33.33332824707031 -7.6666717529296875 0.26557049999246374
End 35.0 -7.3333282470703125 0.30009704164694995
End 34.33332824707031 -8.333343505859375 0.24873470835154876
End 32.333343505859375 -6.0 0.19893158331979066
End 39.66667175292969 -13.666656494140625 0.1988126666401513
End 33.666656494140625 -8.0 0.1988075000117533
Cancel 39.666656494140625 -14.333343505859375 0.2334135000128299
Cancel 38.0 -16.333328247070312 0.2999657082837075
End 32.33332824707031 -17.333343505859375 0.23223441670415923
End 30.333328247070312 -18.0 0.2322365416912362
End 39.33332824707031 -21.0 0.24905570835107937
End 31.666671752929688 -17.0 0.24873441667295992
End 31.0 -15.0 0.1831349166459404
Cancel 41.0 -22.666656494140625 0.23338024999247864
End 34.0 -20.333343505859375 0.23313275002874434
End 30.333328247070312 -18.666671752929688 0.24860945832915604
End 34.0 -12.333328247070312 0.26529329165350646
End 34.33332824707031 -5.3333282470703125 0.1996952083427459
End 35.666656494140625 -9.666671752929688 0.2166672499733977
End 32.33332824707031 -25.333343505859375 0.24888891668524593
End 32.333343505859375 -27.333328247070312 0.23210562497843057
End 31.333328247070312 -7.666656494140625 0.1657235833699815
End 33.66667175292969 -4.666656494140625 0.19872116664191708
End 30.0 8.666656494140625 0.16649270831840113
End 24.666671752929688 12.333328247070312 0.18223825003951788
End 0.0 0.0 0.21688120829639956
End 12.0 20.666656494140625 0.18178962502861395
End 29.0 4.666656494140625 0.1334992916090414
End 30.666656494140625 -5.6666717529296875 0.16637187503511086
End 26.666656494140625 -10.666671752929688 0.16532124998047948
End 19.666671752929688 -13.666656494140625 0.09505808330141008
End 29.0 -16.0 0.15022504166699946
End 23.666656494140625 -19.333343505859375 0.18185929162427783
End 26.0 -25.666671752929688 0.1823022083262913
End 18.0 -14.666671752929688 0.1500205000047572
End 26.666671752929688 -12.666671752929688 0.16647441661916673
End 25.333328247070312 -1.6666717529296875 0.23339708329876885
End 32.0 3.0 0.18235799996182323
End 36.66667175292969 15.333328247070312 0.1834741666680202
End 43.0 2.0 0.18340191669994965
End 37.66667175292969 -9.666671752929688 0.16488383332034573
End 40.66667175292969 -19.333343505859375 0.19886891666101292
Cancel 44.33332824707031 -18.0 0.16703750001033768
End 36.666656494140625 -27.0 0.23331841663457453
Cancel 40.0 -29.333343505859375 0.2170792916440405
Cancel 42.666656494140625 -10.666656494140625 0.18310062499949709
End 43.0 0.333343505859375 0.19975891668582335
End 36.0 18.0 0.2153575416887179
End 44.66667175292969 16.0 0.1999838332994841
End 44.66667175292969 17.0 0.18347291671670973
Cancel 45.33332824707031 -7.0 0.16664079169277102
End 40.0 -22.333328247070312 0.19893079163739458
Cancel 43.333343505859375 -29.333328247070312 0.1666717499610968
End 40.66667175292969 -29.333328247070312 0.21558570838533342
Cancel 40.66667175292969 -31.333343505859375 0.23350691667292267
Cancel 42.0 -36.66667175292969 0.18372074997751042
Cancel 42.666656494140625 -23.0 0.1832291250466369
Cancel 44.666656494140625 -12.333343505859375 0.16684766666730866
End 41.0 0.0 0.21555191662628204
Cancel 46.666656494140625 0.666656494140625 0.18377654167125002
Cancel 43.33332824707031 1.6666717529296875 0.15008179168216884
End 35.666656494140625 14.666671752929688 0.16666433337377384
End 34.33332824707031 19.333343505859375 0.215504374995362
Cancel 46.33332824707031 15.333328247070312 0.1834306666860357
Cancel 41.33332824707031 4.3333282470703125 0.1997278750059195
Cancel 43.666656494140625 -2.0 0.16661695833317935
Cancel 43.66667175292969 -16.333328247070312 0.16664225002750754
Cancel 42.33332824707031 -20.333343505859375 0.18347987497691065
End 42.66667175292969 -25.333343505859375 0.1988630416453816
Cancel 42.0 -22.333328247070312 0.18343233334599063
Cancel 39.333343505859375 -29.333343505859375 0.23341258335858583
End 42.333343505859375 -32.333343505859375 0.20042604161426425
Cancel 45.0 -36.0 0.20018595835426822
End 40.333343505859375 -31.333328247070312 0.23362058331258595
Cancel 41.666656494140625 -33.66667175292969 0.23347837495384738
End 39.66667175292969 -19.666671752929688 0.14543887501349673
End 48.666656494140625 -7.0 0.1834894583444111
End 39.0 5.6666717529296875 0.2325657083420083
End 39.66667175292969 6.0 0.18213204166386276
Cancel 42.333343505859375 8.333328247070312 0.18341008335119113
End 37.33332824707031 28.0 0.19890575000317767
End 33.333343505859375 27.666656494140625 0.2165307083632797
End 35.0 23.666671752929688 0.21666437503881752
End 42.33332824707031 19.0 0.1998875416466035
End 44.33332824707031 9.0 0.1833987082936801
End 45.66667175292969 -2.0 0.18326658330624923
Cancel 41.33332824707031 -18.0 0.20012979168677703
Cancel 41.0 -15.333343505859375 0.1998668749583885
Cancel 42.0 -30.666671752929688 0.20036929164780304
End 38.33332824707031 -23.0 0.19887079170439392
Cancel 43.66667175292969 -32.333343505859375 0.16695470828562975
Cancel 40.333343505859375 -31.0 0.21685104171046987
Cancel 46.0 -31.333328247070312 0.18349579168716446
Cancel 43.333343505859375 -31.0 0.1667495000292547
Cancel 44.0 -22.333343505859375 0.18362145830178633
Cancel 44.33332824707031 3.0 0.16661437501898035
Cancel 44.66667175292969 16.333343505859375 0.18363179161679
Cancel 42.666656494140625 7.666656494140625 0.18322654167423025
Cancel 41.66667175292969 -7.6666717529296875 0.2501743333414197
Cancel 38.666656494140625 -9.333328247070312 0.25031845830380917
Cancel 43.666656494140625 -28.333328247070312 0.21679195831529796
Cancel 42.66667175292969 -31.333343505859375 0.2168542083236389
Cancel 42.33332824707031 -36.66667175292969 0.2499916250235401
End 62.333343505859375 -44.33332824707031 0.48395987501135096
Cancel 39.0 -29.333328247070312 0.24982354167150334
Cancel 38.66667175292969 -26.0 0.24987687496468425
Cancel 39.333343505859375 -26.666671752929688 0.30008329171687365
End 43.666656494140625 -41.333343505859375 0.46688170835841447
End 54.0 -47.33332824707031 0.4500057499972172
Cancel 42.33332824707031 -27.666671752929688 0.21680095832562074
Cancel 46.33332824707031 2.3333282470703125 0.18503204168519005
End 47.333343505859375 -18.666671752929688 1.0336855000350624
Cancel 31.666656494140625 -12.0 0.4334355416940525
Cancel 28.666671752929688 -0.666656494140625 0.48497554165078327
Cancel 27.666671752929688 -10.333343505859375 0.48277291667182
Cancel 27.666671752929688 -12.666671752929688 0.4999078749679029
End 26.333328247070312 -3.666656494140625 0.6319955416256562
End 29.0 -1.0 0.6155037500429899
End 31.0 -3.6666717529296875 0.432336124998983
End 29.666671752929688 -7.3333282470703125 0.43242908333195373
End 29.333343505859375 -9.0 0.41556216665776446
Cancel 31.0 -0.3333282470703125 0.4170090833795257
Cancel 34.33332824707031 5.6666717529296875 0.3503065000404604
End 30.666656494140625 -10.666671752929688 0.3488569167093374
Cancel 34.333343505859375 3.3333282470703125 0.3501405833521858
End 32.0 -7.333343505859375 0.38183662499068305
Cancel 34.33332824707031 -0.333343505859375 0.3500274166581221
Cancel 32.66667175292969 -3.0 0.3833253333577886
Cancel 32.33332824707031 -2.0 0.38374266668688506
End 27.666671752929688 -6.3333282470703125 0.3817881666473113
End 25.0 -3.3333282470703125 0.3991517500253394
End 33.0 -6.0 0.38319379166932777
End 27.666656494140625 -15.0 0.3652390416827984
End 24.0 -17.333343505859375 0.34913466667057946
End 26.333343505859375 -30.333343505859375 0.36649124999530613
End 27.0 -34.33332824707031 0.33205324999289587
End 25.333328247070312 -16.0 0.28202116664033383
End 28.666671752929688 -7.6666717529296875 0.266769916692283
End 25.333343505859375 -0.666656494140625 0.24882466666167602
End 35.333343505859375 -0.3333282470703125 0.33367229165742174
End 30.666656494140625 9.0 0.44920116662979126
End 29.0 11.333328247070312 0.4655789166572504
End 33.33332824707031 -0.3333282470703125 0.4172028750181198
End 32.0 12.333343505859375 0.4498823333415203
Cancel 30.666671752929688 1.6666717529296875 0.45017575001111254
End 29.0 -1.333343505859375 0.448492958326824
Cancel 29.0 -10.333343505859375 0.4497115833219141
Cancel 30.333328247070312 -12.0 0.43325091671431437
End 33.0 -24.0 0.4327937916968949
Cancel 31.666671752929688 -10.666671752929688 0.4164314166409895
Cancel 32.0 -5.6666717529296875 0.41669745836406946
End 30.666656494140625 3.6666717529296875 0.5653312500216998
End 29.333328247070312 8.666671752929688 0.4500796250067651
Cancel 31.0 8.666656494140625 0.4332360833068378
Cancel 27.333328247070312 2.0 0.4835306666791439
Cancel 30.666671752929688 -6.6666717529296875 0.43350774998543784
Cancel 30.333343505859375 -5.6666717529296875 0.4338037499692291
End 28.666671752929688 1.333343505859375 0.46672633331036195
End 34.0 -10.333343505859375 0.43378054164350033
Cancel 30.333343505859375 -7.3333282470703125 0.43327466666232795
Cancel 30.0 -15.0 0.4501589999999851
Cancel 31.666671752929688 -1.3333282470703125 0.41715866670710966
End 28.333328247070312 3.3333282470703125 0.4992279583821073
Cancel 29.333343505859375 3.6666717529296875 0.4669376249657944
Cancel 28.333343505859375 6.333343505859375 0.46724129165522754
Cancel 27.333328247070312 -0.6666717529296875 0.4999557083356194
End 25.666671752929688 7.6666717529296875 0.5161374583258294
End 25.0 5.6666717529296875 0.4821408750140108
Cancel 29.333328247070312 -2.3333282470703125 0.4667628333554603
Cancel 27.0 -5.3333282470703125 0.49976404168410227
End 29.666656494140625 -9.333328247070312 0.48202100000344217
End 31.333343505859375 -5.666656494140625 0.5666540416423231
Cancel 28.666671752929688 -7.6666717529296875 0.4666157499887049
End 30.333343505859375 -11.333343505859375 0.5163727083709091
Cancel 29.333328247070312 -14.333328247070312 0.46680354163981974
Cancel 29.666671752929688 -14.333328247070312 0.4498062916100025
Cancel 31.0 -4.666656494140625 0.43330779165262356
End 29.0 1.333343505859375 0.46689508331473917
Cancel 32.0 -3.666656494140625 0.4000252083642408
Cancel 29.333328247070312 5.0 0.4669575416482985
Cancel 30.666671752929688 -12.333328247070312 0.4338358333334327
Cancel 30.666671752929688 -17.0 0.4335350000183098
Cancel 30.0 -15.666656494140625 0.45019599999068305
Cancel 28.333328247070312 -1.3333282470703125 0.4836914582992904
End 26.333343505859375 9.333328247070312 0.4654650416923687
End 31.0 11.333328247070312 0.3999488750123419
Cancel 28.666671752929688 10.0 0.4667050833813846
End 22.0 8.333328247070312 0.4491290416335687
Cancel 30.333328247070312 -7.0 0.4505493749747984
End 31.666671752929688 -12.0 0.41534104163292795
Cancel 30.666671752929688 -13.333328247070312 0.42965349997393787
End 31.0 -21.333343505859375 0.4487259582965635
Cancel 30.666656494140625 -13.333328247070312 0.4166409583413042
End 27.666671752929688 -20.0 0.5334192083100788
End 32.0 -21.666656494140625 0.45026962499832734
Cancel 32.33332824707031 -2.0 0.40046558337053284
End 31.666656494140625 2.3333282470703125 0.3822610416682437
Cancel 34.333343505859375 -3.3333282470703125 0.3680152500164695
Cancel 31.333343505859375 -5.0 0.40015279164072126
Cancel 32.0 -7.0 0.4163572500110604
Cancel 28.333328247070312 -9.333343505859375 0.4833849582937546
Cancel 29.666671752929688 -9.666671752929688 0.46685970830731094
Cancel 27.666671752929688 -9.333328247070312 0.4831783749978058
End 23.0 -8.0 0.6152644582907669
End 24.333328247070312 -15.666671752929688 0.5617469999706373
End 24.333328247070312 -2.666656494140625 0.6822500000125729
End 30.0 2.6666717529296875 0.6001602082978934
End 25.333328247070312 2.333343505859375 0.5991263333708048
End 21.666671752929688 1.0 0.6320052083465271
End 30.333328247070312 -4.0 0.6487299166619778
End 31.0 -8.333328247070312 0.5987731666537002
End 26.0 -6.0 0.4320723333512433
End 25.333343505859375 -6.333343505859375 0.4821504583233036
End 27.666656494140625 -7.0 0.5655171666876413
End 27.0 -6.6666717529296875 0.5158582500298508
Cancel 28.666656494140625 -14.333328247070312 0.4667443333310075
End 32.66667175292969 -14.333343505859375 0.583484958333429
End 31.333328247070312 -14.666656494140625 0.6162841666373424
Cancel 29.666656494140625 -7.6666717529296875 0.4331162499729544
End 29.0 2.3333282470703125 0.5652434999938123
End 27.0 5.3333282470703125 0.54846312495647
End 29.666656494140625 6.3333282470703125 0.5485064166714437
End 28.666656494140625 10.333328247070312 0.54842954169726
End 24.666671752929688 15.0 0.48284541664179415
End 28.0 17.666656494140625 0.5490122499759309
End 27.666656494140625 15.333343505859375 0.5656498333555646
End 25.0 11.0 0.5170263749896549
End 11.333328247070312 29.666671752929688 0.6000222500297241
End 5.0 30.0 0.5323316249996424
End 9.666671752929688 27.0 0.5003649583086371
End 18.333328247070312 18.0 0.5492782916408032
End 21.0 15.333328247070312 0.5671176249743439
End 19.0 16.666656494140625 0.5004545416450128
End 27.0 7.0 0.49918304168386385
End 16.333328247070312 30.0 0.5666445416864008
Cancel 29.666671752929688 -2.333343505859375 0.44985141669167206
End 22.0 0.333343505859375 0.5156738749938086
End 25.0 -6.0 0.465391791658476
Cancel 29.666671752929688 -10.0 0.44969533337280154
End 27.666671752929688 -12.666656494140625 0.5986247499822639
Cancel 31.666671752929688 -21.0 0.3998128750245087
End 32.66667175292969 -21.0 0.3987099166261032
End 47.0 -50.66667175292969 0.4676877500023693
End 50.0 -57.33332824707031 0.282146500016097
End 46.33332824707031 -50.66667175292969 0.2822787083568983
Cancel 43.0 -40.0 0.18285004171775654
End 48.66667175292969 -45.66667175292969 0.2488316666567698
Cancel 44.33332824707031 -33.666656494140625 0.199724291684106
Cancel 45.66667175292969 -26.333328247070312 0.16671395837329328
Cancel 41.33332824707031 -40.0 0.19986054167384282
End 41.666656494140625 -49.33332824707031 0.283654541708529
End 41.33332824707031 -54.33332824707031 0.29853795835515484
End 36.66667175292969 -56.0 0.29869037499884143
End 49.33332824707031 -48.0 0.2834759583347477
Cancel 41.333343505859375 -37.33332824707031 0.21687283331993967
Cancel 41.0 -36.33332824707031 0.19995445833774284
Cancel 43.666656494140625 -27.0 0.16682199999922886
Cancel 46.0 -25.0 0.16670145833631977
End 43.66667175292969 -42.33332824707031 0.2651423333445564
End 41.333343505859375 -44.0 0.2657537499908358
End 37.0 -63.0 0.2988128750002943
End 35.33332824707031 -33.666656494140625 0.28247883333824575
End 35.333343505859375 -31.333328247070312 0.26665866666007787
End 31.0 -26.333328247070312 0.31596316664945334
End 38.666656494140625 -26.666671752929688 0.29968362499494106
End 39.666656494140625 -33.0 0.30023950000759214
Cancel 41.0 -21.0 0.2164000416523777
Cancel 37.0 -24.666656494140625 0.28355804161401466
End 32.666656494140625 -31.666671752929688 0.2985349999507889
End 30.0 -42.33332824707031 0.3487867083167657
End 39.0 -52.0 0.3492105833720416
End 44.0 -39.0 0.33348475000821054
Cancel 37.666656494140625 -28.666671752929688 0.28355387499323115
Cancel 37.0 -19.333343505859375 0.2832790833199397
Cancel 41.33332824707031 -29.333328247070312 0.2334375416394323
End 37.33332824707031 -32.0 0.2989410833106376
End 35.33332824707031 -46.0 0.3324310416355729
End 38.66667175292969 -52.666656494140625 0.34965162503067404
End 35.333343505859375 -31.333328247070312 0.3155373749905266
End 69.0 -64.66667175292969 0.31535620836075395
End 66.0 -65.33334350585938 0.28222199995070696
End 70.0 -62.33332824707031 0.298364499991294
End 62.0 -59.666656494140625 0.2836558750132099
End 66.33332824707031 -58.0 0.28170383331598714
End 64.0 -61.66667175292969 0.2665526249911636
Cancel 49.33332824707031 -39.0 0.1502890833071433
End 77.0 -69.33334350585938 0.24900175002403557
End 66.33334350585938 -61.33332824707031 0.26547645835671574
Cancel 44.0 -30.333328247070312 0.1330997499753721
Cancel 49.666656494140625 -42.333343505859375 0.13343462499324232
End 55.666656494140625 -60.66667175292969 0.265206333308015
End 61.333343505859375 -74.0 0.28338199999416247
End 59.33332824707031 -74.66667175292969 0.28212658333359286
End 69.66665649414062 -78.0 0.2837257083156146
Cancel 49.0 -43.33332824707031 0.13357354165054858
Cancel 43.66667175292969 -34.666656494140625 0.18303279165411368
Cancel 42.33332824707031 -37.66667175292969 0.2166801249841228
Cancel 41.666656494140625 -18.666656494140625 0.20024679170455784
Cancel 46.333343505859375 -31.333328247070312 0.1833949583233334
Cancel 41.0 -23.333328247070312 0.19960024999454618
Cancel 40.66667175292969 -28.333328247070312 0.2832891666912474
Cancel 44.66667175292969 -36.33332824707031 0.23332208336796612
Cancel 41.0 -36.66667175292969 0.25024983333423734
End 51.33332824707031 -58.333343505859375 0.43246483337134123
End 46.666656494140625 -54.66667175292969 0.46550104167545214
End 43.0 -71.66667175292969 0.4333640833501704
End 53.0 -53.66667175292969 0.39911683334503323
Cancel 38.666656494140625 -37.333343505859375 0.24969658331247047
End 54.0 -51.0 0.41687570832436904
Cancel 42.33332824707031 -36.0 0.25015262502711266
Cancel 40.333343505859375 -33.33332824707031 0.23369295831071213
Cancel 38.66667175292969 -28.333328247070312 0.266582541691605
End 42.666656494140625 -47.33332824707031 0.3323139167041518
End 41.0 -53.33332824707031 0.3489008750184439
End 46.0 -56.66667175292969 0.3669454166665673
Cancel 42.0 -24.666671752929688 0.21681062504649162
Cancel 35.0 -32.0 0.33285983331734315
End 37.33332824707031 -35.66667175292969 0.418088041653391
End 36.66667175292969 -53.0 0.35035695834085345
End 41.0 -56.66667175292969 0.3325651250197552
End 46.33332824707031 -53.66667175292969 0.3158041666611098
End 49.66667175292969 -49.33332824707031 0.3000927499961108
Cancel 41.66667175292969 -30.0 0.19999087502947077
Cancel 39.333343505859375 -31.333328247070312 0.24999624997144565
Cancel 42.0 -31.333328247070312 0.24994858331046999
Cancel 40.0 -25.666671752929688 0.24958483333466575
Cancel 35.33332824707031 -23.0 0.3501719166524708
Cancel 34.33332824707031 -18.0 0.3334460000041872
Cancel 36.0 -23.333343505859375 0.3495965416659601
Cancel 32.333343505859375 -30.333328247070312 0.39974345837254077
Cancel 33.0 -30.0 0.40024608332896605
End 56.66667175292969 -48.0 0.6990526666631922
End 61.33332824707031 -56.33332824707031 0.7656357500236481
End 60.66667175292969 -64.33334350585938 0.6486478333827108
End 51.333343505859375 -68.0 0.6163016666541807
End 53.66667175292969 -65.0 0.5151403333875351
Cancel 36.33332824707031 -29.666671752929688 0.3163929999573156
End 62.333343505859375 -58.0 0.550264083314687
End 50.0 -61.666656494140625 0.449766791658476
End 39.333343505859375 -58.33332824707031 0.39855495834490284
End 41.0 -62.66667175292969 0.44893700000829995
End 42.66667175292969 -54.666656494140625 0.36545858334284276
End 37.666656494140625 -65.0 0.38190545834368095
End 38.666656494140625 -63.33332824707031 0.415528625017032
End 42.0 -65.33332824707031 0.4156341250054538
End 49.33332824707031 -66.0 0.4323837500414811
End 58.33332824707031 -76.66667175292969 0.46549029171001166
End 64.66665649414062 -74.66667175292969 0.49867991666542366
End 59.666656494140625 -72.0 0.4658090833108872
End 64.33332824707031 -73.0 0.5332678333506919
End 63.0 -56.66667175292969 0.5332861666684039
End 60.33332824707031 -51.0 0.4817001667106524
Cancel 38.666656494140625 -22.666671752929688 0.28358766669407487
Cancel 36.33332824707031 -25.0 0.3165657499921508
End 70.66667175292969 -54.33332824707031 0.5492526249727234
End 76.33332824707031 -57.33332824707031 0.516749374975916
Cancel 39.0 -29.0 0.2500292499898933
Cancel 41.0 -27.0 0.24996366671985015
End 63.333343505859375 -58.0 0.4832321249996312
End 67.66667175292969 -62.666656494140625 0.5163313749944791
Cancel 37.33332824707031 -32.333343505859375 0.2834467083448544
Cancel 37.66667175292969 -31.0 0.28326683334307745
Cancel 37.0 -27.333328247070312 0.3334417500300333
End 74.66667175292969 -59.66667175292969 0.6664976250031032
Cancel 37.666656494140625 -33.33332824707031 0.3333137499867007
End 70.0 -56.666656494140625 0.7002098750090227
Cancel 39.0 -28.0 0.28345179167808965
End 73.0 -63.0 0.6329435416846536
Cancel 34.333343505859375 -31.0 0.3833671666798182
Cancel 34.666656494140625 -23.333343505859375 0.3833859167061746
Cancel 37.33332824707031 -19.666671752929688 0.350235249963589
Cancel 39.0 -24.0 0.3166411250131205
Cancel 35.0 -31.333343505859375 0.3498495416715741
End 63.66667175292969 -61.0 0.6832290416932665
End 70.66667175292969 -64.0 0.6319687916547991
Cancel 39.33332824707031 -34.666656494140625 0.30005183338653296
Cancel 36.0 -32.0 0.3334292499930598
End 62.0 -67.33334350585938 0.5822604583227076
End 54.0 -65.0 0.48348362499382347
End 53.33332824707031 -67.66667175292969 0.4330392917036079
End 43.33332824707031 -60.33332824707031 0.4153424583491869
End 45.0 -73.0 0.3654841667157598
End 44.66667175292969 -56.0 0.3667914167162962
End 47.0 -66.33334350585938 0.36212299996986985
End 63.66667175292969 -76.0 0.4835285000153817
End 68.33332824707031 -69.33334350585938 0.4821665833587758
Cancel 38.0 -33.333343505859375 0.26631883333902806
Cancel 37.66667175292969 -31.0 0.29983462498057634
End 68.33334350585938 -70.66665649414062 0.49865645833779126
Cancel 40.33332824707031 -35.666656494140625 0.2834867916535586
End 72.66665649414062 -76.66667175292969 0.6485685000079684
End 59.66667175292969 -62.66667175292969 0.5323071666643955
End 68.66667175292969 -74.33332824707031 0.49859941663453355
End 70.0 -72.66667175292969 0.5000833749654703
End 62.0 -67.66667175292969 0.565163166669663
End 44.66667175292969 -56.0 0.48338929167948663
End 63.33332824707031 -58.333343505859375 0.4818690833635628
End 62.0 -66.33332824707031 0.48185520828701556
Cancel 39.33332824707031 -29.0 0.2667333750287071
Cancel 41.0 -32.66667175292969 0.23336745833512396
End 58.0 -65.33332824707031 0.5489347500260919
End 64.0 -74.66667175292969 0.5487779999966733
End 68.33332824707031 -64.66667175292969 0.5155796250328422
Cancel 39.666656494140625 -36.666656494140625 0.25028041668701917
Cancel 40.0 -33.666656494140625 0.26664562500081956
End 71.0 -66.0 0.49887887499062344
End 60.0 -73.0 0.4497479583369568
End 64.0 -60.333343505859375 0.48207112500676885
End 52.66667175292969 -55.0 0.6651782083208673
Cancel 37.0 -22.666671752929688 0.31790608330629766
Cancel 36.0 -27.333343505859375 0.36622187501052395
Cancel 38.33332824707031 -30.0 0.33358608331764117
Cancel 34.333343505859375 -31.666656494140625 0.35028675000648946
End 71.33332824707031 -70.0 0.8332718333695084
Cancel 36.0 -25.0 0.3332745833322406
Cancel 38.0 -21.666671752929688 0.31642233330057934
Cancel 37.0 -19.666671752929688 0.33300166664412245
Cancel 35.333343505859375 -14.333328247070312 0.31698208331363276
Cancel 35.666656494140625 -16.0 0.3669295000145212
Cancel 35.0 -9.666671752929688 0.34994012501556426
Cancel 32.66667175292969 -12.666671752929688 0.41627045831410214
Cancel 32.33332824707031 -12.333343505859375 0.41656483337283134
Cancel 33.333343505859375 -13.666671752929688 0.3999445000081323
Cancel 33.33332824707031 -24.666656494140625 0.38338883331744
Cancel 32.0 -16.333328247070312 0.4170891250250861
Cancel 30.0 -24.666671752929688 0.43339104164624587
End 66.0 -80.33334350585938 0.9822113333502784
Cancel 31.0 -25.0 0.45002187497448176
End 57.0 -72.0 0.8488569166511297
End 63.333343505859375 -64.0 0.8487156250048429
Cancel 30.666656494140625 -12.666656494140625 0.41701837501022965
End 50.33332824707031 -60.333343505859375 0.5658727499539964
End 47.0 -75.0 0.6829930000239983
Cancel 34.66667175292969 -29.0 0.3667160416371189
Cancel 34.0 -19.333343505859375 0.36648545833304524
Cancel 34.0 -15.333343505859375 0.3669007083517499
Cancel 33.66667175292969 -8.666656494140625 0.35007508331909776
Cancel 34.333343505859375 -2.666656494140625 0.3667493333341554
Cancel 30.666671752929688 -8.0 0.41635412495816126
Cancel 34.666656494140625 -14.666671752929688 0.3667586666997522
Cancel 33.66667175292969 -18.333328247070312 0.3833572083385661
Cancel 32.0 -19.0 0.41672187502263114
Cancel 33.666656494140625 -21.0 0.39642166666453704
Cancel 31.666656494140625 -27.333343505859375 0.4170367083279416
End 74.33332824707031 -76.66667175292969 1.132189333322458
End 69.33332824707031 -69.33332824707031 0.9001883749733679
End 73.66667175292969 -65.66667175292969 1.0336409999872558
End 78.66665649414062 -61.0 0.8824009166564792
Cancel 33.0 -23.0 0.38351008330937475
End 95.33334350585938 -72.0 1.0823574583628215
Cancel 32.333343505859375 -22.333328247070312 0.4169174999697134
Cancel 33.66667175292969 -19.666656494140625 0.3999000000185333
Cancel 31.333328247070312 -22.333328247070312 0.4166607916704379
Cancel 27.666656494140625 -26.0 0.4835004583001137
End 84.0 -68.33332824707031 1.116912458324805
End 77.33334350585938 -65.66667175292969 1.0667669583344832
End 74.0 -63.0 0.9153044583508745
Cancel 33.0 -27.333343505859375 0.4002944999956526
End 69.0 -76.0 0.7990531666437164
End 61.0 -68.0 0.7818019583355635
End 53.66667175292969 -74.33334350585938 0.632551875023637
End 51.0 -80.0 0.5985098333330825
End 43.66667175292969 -72.33334350585938 0.5824768333695829
End 49.0 -78.33332824707031 0.681989208329469
End 38.333343505859375 -64.33334350585938 0.5324704583035782
End 30.333328247070312 -60.0 0.5503991250297986
End 23.666656494140625 -52.0 0.5491249166661873
End 27.666671752929688 -55.0 0.5656807499472052
End 26.0 -55.333343505859375 0.5503618333605118
End 44.333343505859375 -63.666656494140625 0.5833239166531712
End 43.66667175292969 -50.333343505859375 0.6154765833634883
Cancel 32.333343505859375 -29.0 0.3833547499962151
Cancel 34.0 -28.0 0.3834435416501947
End 53.0 -63.333343505859375 0.7156387499999255
End 61.66667175292969 -67.0 0.8499760000267997
End 65.33332824707031 -70.33332824707031 0.7819378333515488
End 72.0 -72.33332824707031 0.8334507083054632
Cancel 37.0 -24.333328247070312 0.33309416664997116
Cancel 34.333343505859375 -17.0 0.3503749166848138
Cancel 33.33332824707031 -27.333328247070312 0.38389612501487136
Cancel 30.666671752929688 -24.333343505859375 0.4339465416269377
End 77.66667175292969 -65.33332824707031 0.9320156666217372
End 72.0 -53.0 0.9001416249666363
Cancel 32.66667175292969 -22.333328247070312 0.4168866249965504
Cancel 32.333343505859375 -22.0 0.383707000000868
Cancel 33.333343505859375 -23.666671752929688 0.38384879170916975
Cancel 31.333328247070312 -27.666671752929688 0.4170532916323282
Cancel 32.0 -29.666656494140625 0.4000455416389741
Cancel 32.666656494140625 -18.666656494140625 0.4001271666493267
Cancel 32.33332824707031 -15.333343505859375 0.4163883333094418
Cancel 31.0 -11.666671752929688 0.4333708750200458
Cancel 32.33332824707031 -7.3333282470703125 0.4336856250301935
Cancel 31.0 -11.0 0.41681974998209625
Cancel 28.666656494140625 -10.0 0.4665194583358243
Cancel 29.333328247070312 -8.666656494140625 0.4669999166508205
End 78.66665649414062 -48.33332824707031 1.3489875416271389
Cancel 31.0 -23.666671752929688 0.45006958331214264
Cancel 28.666671752929688 -25.333328247070312 0.48379108333028853
End 74.0 -62.33332824707031 1.1499988750438206
End 74.66667175292969 -62.66667175292969 1.1333266666624695
Cancel 31.333328247070312 -27.333343505859375 0.4164852916728705
Cancel 32.333343505859375 -27.333343505859375 0.38324929162627086
Cancel 29.333328247070312 -22.666656494140625 0.483697583375033
End 82.66667175292969 -78.66667175292969 1.1821851666318253
End 78.33332824707031 -68.0 1.0167334166471846
Cancel 33.33332824707031 -22.0 0.39998491667211056
Cancel 34.666656494140625 -22.333328247070312 0.3832975416444242
End 74.66667175292969 -64.33332824707031 0.8339716666378081
End 87.66667175292969 -8.0 1.684864541690331
Cancel 31.666671752929688 0.3333282470703125 0.41700300003867596
End 83.33332824707031 -5.0 2.116649958305061
End 72.33332824707031 -1.0 1.8834534583147615
End 54.33332824707031 -1.0 1.3153789166826755
Cancel 27.333343505859375 -0.3333282470703125 0.48298591666389257
Cancel 27.333343505859375 -1.0 0.4835566666442901
End 81.66665649414062 -5.333343505859375 1.5823824999970384
End 77.66667175292969 -24.0 1.3989165833336301
End 89.66665649414062 -46.66667175292969 1.6170507916249335
Cancel 28.0 -14.666671752929688 0.4833387916442007
End 95.0 -43.33332824707031 1.7656152917188592
Cancel 28.333328247070312 -1.3333282470703125 0.4666129166726023
Cancel 28.333328247070312 -2.0 0.4834642499918118
Cancel 28.666656494140625 0.6666717529296875 0.4834118749713525
Cancel 30.666671752929688 -1.0 0.4337168749771081
Cancel 27.666671752929688 -2.0 0.48346454167040065
Cancel 28.666671752929688 -1.0 0.4832137916237116
End 96.0 -19.666671752929688 1.782426583347842
Cancel 29.0 -6.3333282470703125 0.48323074996005744
Cancel 31.333328247070312 0.6666717529296875 0.4000024166307412
End 73.33334350585938 -28.666671752929688 1.3324987500091083
End 78.0 -41.66667175292969 1.350536124955397
Cancel 28.333328247070312 -18.333328247070312 0.46672137500718236
Cancel 34.0 -19.0 0.36686725000618026
Cancel 32.0 -19.333328247070312 0.3836179166682996
End 32.33332824707031 -83.0 0.6162097083288245
End 26.0 -78.0 0.5829951249761507
End 44.0 -76.33334350585938 0.7001814999966882
End 57.66667175292969 -75.66667175292969 0.8167643332853913
End 74.33334350585938 -74.33332824707031 0.8654344999813475
Cancel 35.66667175292969 -15.333328247070312 0.35037120833294466
Cancel 32.0 0.0 0.38318437500856817
Cancel 30.666671752929688 -1.0 0.41673429164802656
Cancel 32.0 0.0 0.40000412496738136
Cancel 31.666656494140625 1.3333282470703125 0.41671766666695476
Cancel 32.0 0.333343505859375 0.4166690416750498
Cancel 30.333343505859375 -6.666656494140625 0.45008466666331515
Cancel 29.333343505859375 -7.6666717529296875 0.450311666703783
End 67.33332824707031 -2.3333282470703125 1.482134791673161
Cancel 33.0 2.3333282470703125 0.40052091667894274
End 52.33332824707031 -1.0 1.0169727499596775
End 33.33332824707031 -30.0 0.682617541635409
End 28.666671752929688 -44.666656494140625 0.7485235833446495
End 34.66667175292969 -29.333343505859375 0.811866124975495
End 30.666656494140625 -28.333328247070312 0.6996857083286159
End 37.0 -20.333328247070312 0.7825144166126847
End 33.66667175292969 -8.666656494140625 0.7160335833323188
Cancel 27.333328247070312 -2.0 0.48320833331672475
End 39.333343505859375 -2.666656494140625 0.7820724166813307
Cancel 28.333328247070312 -6.3333282470703125 0.4999548750347458
Cancel 27.333343505859375 -3.3333282470703125 0.48374175000935793
End 56.0 -8.666671752929688 0.9991181250079535
Cancel 32.66667175292969 -2.0 0.39987937500700355
Cancel 31.666656494140625 2.6666717529296875 0.4168892499874346
Cancel 31.666656494140625 6.333343505859375 0.40038566663861275
Cancel 27.666671752929688 11.0 0.4831892083748244
Cancel 28.666671752929688 16.0 0.46653158334083855
End 35.666656494140625 40.66667175292969 1.0653718333342113
End 45.0 42.0 1.0489816250046715
Cancel 28.333343505859375 16.0 0.4836551249609329
End 55.0 33.666656494140625 1.2501059166388586
Cancel 29.666671752929688 27.333328247070312 0.45034024998312816
End 46.33332824707031 66.33332824707031 1.0656894583371468
End 41.0 58.33332824707031 0.7154739582911134
End 54.0 -52.66667175292969 1.0321137916762382
End 45.33332824707031 -57.333343505859375 1.015710333304014
End 52.66667175292969 -61.666656494140625 1.0653441666509025
End 55.33332824707031 -51.666656494140625 0.8153376666596159
End 65.0 -52.0 0.9490131249767728
Cancel 29.666671752929688 -20.0 0.4333897500182502
Cancel 27.666671752929688 -22.666671752929688 0.4829801666783169
Cancel 32.0 -28.666671752929688 0.4165529583697207
End 70.33334350585938 -62.0 1.1001755833276547
End 66.66665649414062 -53.333343505859375 1.0168805416906253
Cancel 31.333328247070312 -27.333328247070312 0.4168912500026636
Cancel 34.33332824707031 -22.666671752929688 0.36650537501554936
Cancel 31.666656494140625 -17.0 0.3999033333384432
Cancel 30.0 -27.666656494140625 0.43381937500089407
Cancel 33.66667175292969 -30.333328247070312 0.3500833750003949
Cancel 29.333343505859375 -23.0 0.4666769166942686
Cancel 29.666656494140625 -16.0 0.43334187497384846
End 68.66667175292969 -76.0 1.082245249999687
End 56.0 -107.33332824707031 1.1501432083314285
End 54.0 -105.33332824707031 1.1323806250002235
End 58.333343505859375 -68.33332824707031 1.0658802916877903
End 68.0 -72.66665649414062 0.9665242916671559
End 70.33332824707031 -58.66667175292969 0.8665888333343901
Cancel 30.666671752929688 -22.666671752929688 0.4169352083117701
Cancel 29.666671752929688 -16.333328247070312 0.43319520831573755
Cancel 29.666671752929688 -10.666671752929688 0.44996524997986853
Cancel 28.0 -8.666656494140625 0.483436249953229
End 75.66667175292969 -27.666671752929688 1.283684333320707
Cancel 31.666656494140625 -10.333328247070312 0.4330489583662711
Cancel 30.0 -8.0 0.45029508334118873
Cancel 29.666671752929688 -4.6666717529296875 0.46663849998731166
Cancel 32.0 -17.666671752929688 0.4168234166572802
Cancel 32.333343505859375 -1.0 0.41668616665992886
Cancel 34.66667175292969 -5.3333282470703125 0.34995437500765547
Cancel 33.33332824707031 2.333343505859375 0.41714895830955356
Cancel 32.33332824707031 2.333343505859375 0.3834863750380464
